,time,loc,op,stop
0,34068,0.0,0.0,-1
1,34069,0.0,0.09166666666666666,54009
2,34070,0.0,0.09166666666666666,54009
3,34071,0.0,0.09166666666666666,54009
4,34072,0.0,0.09166666666666666,54009
5,34073,0.0,0.09166666666666666,54009
6,34074,0.0,0.09166666666666666,54009
7,34075,0.0,0.09166666666666666,54009
8,34076,0.0,0.09166666666666666,54009
9,34077,0.0,0.09166666666666666,54009
10,34078,0.0,0.09166666666666666,54009
11,34079,0.0,0.09166666666666666,54009
12,34080,0.0,0.09166666666666666,54009
13,34081,0.0,0.09166666666666666,54009
14,34082,0.0,0.09166666666666666,54009
15,34083,0.0,0.09166666666666666,54009
16,34084,0.0,0.09166666666666666,54009
17,34085,0.0,0.09166666666666666,54009
18,34086,0.0,0.09166666666666666,54009
19,34087,0.0,0.09166666666666666,54009
20,34088,0.0,0.09166666666666666,54009
21,34089,0.0,0.09166666666666666,54009
22,34090,0.0,0.09166666666666666,54009
23,34091,0.0,0.09166666666666666,54009
24,34092,0.0,0.09166666666666666,54009
25,34093,0.0,0.09166666666666666,54009
26,34094,0.0,0.09166666666666666,54009
27,34095,0.0,0.09166666666666666,54009
28,34096,0.0,0.09166666666666666,54009
29,34097,0.0,0.09166666666666666,54009
30,34098,0.0,0.09166666666666666,54009
31,34099,0.0,0.09166666666666666,54009
32,34100,0.0,0.09166666666666666,54009
33,34101,0.0,0.09166666666666666,54009
34,34102,0.0,0.09166666666666666,54009
35,34103,0.0037777777777777775,0.09166666666666666,-1
36,34104,0.007555555555555555,0.09166666666666666,-1
37,34105,0.011333333333333332,0.09166666666666666,-1
38,34106,0.01511111111111111,0.09166666666666666,-1
39,34107,0.018888888888888886,0.09166666666666666,-1
40,34108,0.02266666666666666,0.09166666666666666,-1
41,34109,0.026444444444444437,0.09166666666666666,-1
42,34110,0.030222222222222213,0.09166666666666666,-1
43,34111,0.03399999999999999,0.09166666666666666,-1
44,34112,0.037777777777777764,0.09166666666666666,-1
45,34113,0.04155555555555554,0.09166666666666666,-1
46,34114,0.045333333333333316,0.09166666666666666,-1
47,34115,0.04911111111111109,0.09166666666666666,-1
48,34116,0.05288888888888887,0.09166666666666666,-1
49,34117,0.05666666666666664,0.09166666666666666,-1
50,34118,0.06044444444444442,0.09166666666666666,-1
51,34119,0.0642222222222222,0.09166666666666666,-1
52,34120,0.06799999999999998,0.09166666666666666,-1
53,34121,0.07177777777777776,0.09166666666666666,-1
54,34122,0.07555555555555554,0.09166666666666666,-1
55,34123,0.07933333333333333,0.09166666666666666,-1
56,34124,0.08311111111111111,0.09166666666666666,-1
57,34125,0.08688888888888889,0.09166666666666666,-1
58,34126,0.09066666666666667,0.09166666666666666,-1
59,34127,0.09444444444444446,0.09166666666666666,-1
60,34128,0.09822222222222224,0.09166666666666666,-1
61,34129,0.10200000000000002,0.09166666666666666,-1
62,34130,0.1057777777777778,0.09166666666666666,-1
63,34131,0.10955555555555559,0.09166666666666666,-1
64,34132,0.11333333333333337,0.09166666666666666,-1
65,34133,0.11711111111111115,0.09166666666666666,-1
66,34134,0.12088888888888893,0.09166666666666666,-1
67,34135,0.12466666666666672,0.09166666666666666,-1
68,34136,0.1284444444444445,0.09166666666666666,-1
69,34137,0.13222222222222227,0.09166666666666666,-1
70,34138,0.13600000000000004,0.09166666666666666,-1
71,34139,0.1397777777777778,0.09166666666666666,-1
72,34140,0.14355555555555558,0.09166666666666666,-1
73,34141,0.14733333333333334,0.09166666666666666,-1
74,34142,0.1511111111111111,0.09166666666666666,-1
75,34143,0.15488888888888888,0.09166666666666666,-1
76,34144,0.15866666666666665,0.09166666666666666,-1
77,34145,0.16244444444444442,0.09166666666666666,-1
78,34146,0.1662222222222222,0.09166666666666666,-1
79,34147,0.16999999999999996,0.09166666666666666,-1
80,34148,0.17377777777777773,0.09166666666666666,-1
81,34149,0.1775555555555555,0.09166666666666666,-1
82,34150,0.18133333333333326,0.09166666666666666,-1
83,34151,0.18511111111111103,0.09166666666666666,-1
84,34152,0.1888888888888888,0.09166666666666666,-1
85,34153,0.19266666666666657,0.09166666666666666,-1
86,34154,0.19644444444444434,0.09166666666666666,-1
87,34155,0.2002222222222221,0.09166666666666666,-1
88,34156,0.20399999999999988,0.09166666666666666,-1
89,34157,0.20777777777777764,0.09166666666666666,-1
90,34158,0.2115555555555554,0.09166666666666666,-1
91,34159,0.21533333333333318,0.09166666666666666,-1
92,34160,0.21911111111111095,0.09166666666666666,-1
93,34161,0.22288888888888872,0.09166666666666666,-1
94,34162,0.2266666666666665,0.09166666666666666,-1
95,34163,0.23044444444444426,0.09166666666666666,-1
96,34164,0.23422222222222203,0.09166666666666666,-1
97,34165,0.2379999999999998,0.09166666666666666,-1
98,34166,0.24177777777777756,0.09166666666666666,-1
99,34167,0.24555555555555533,0.09166666666666666,-1
100,34168,0.2493333333333331,0.09166666666666666,-1
101,34169,0.2531111111111109,0.09166666666666666,-1
102,34170,0.25688888888888867,0.09166666666666666,-1
103,34171,0.26066666666666644,0.09166666666666666,-1
104,34172,0.2644444444444442,0.09166666666666666,-1
105,34173,0.268222222222222,0.09166666666666666,-1
106,34174,0.27199999999999974,0.09166666666666666,-1
107,34175,0.2757777777777775,0.09166666666666666,-1
108,34176,0.2795555555555553,0.09166666666666666,-1
109,34177,0.28333333333333305,0.09166666666666666,-1
110,34178,0.2871111111111108,0.09166666666666666,-1
111,34179,0.2908888888888886,0.09166666666666666,-1
112,34180,0.29466666666666635,0.09166666666666666,-1
113,34181,0.2984444444444441,0.09166666666666666,-1
114,34182,0.3022222222222219,0.09166666666666666,-1
115,34183,0.30599999999999966,0.09166666666666666,-1
116,34184,0.30977777777777743,0.09166666666666666,-1
117,34185,0.3135555555555552,0.09166666666666666,-1
118,34186,0.31733333333333297,0.09166666666666666,-1
119,34187,0.32111111111111074,0.09166666666666666,-1
120,34188,0.3248888888888885,0.09166666666666666,-1
121,34189,0.3286666666666663,0.09166666666666666,-1
122,34190,0.33244444444444404,0.09166666666666666,-1
123,34191,0.3362222222222218,0.09166666666666666,-1
124,34192,0.3399999999999996,0.09166666666666666,-1
125,34193,0.34377777777777735,0.09166666666666666,-1
126,34194,0.3475555555555551,0.09166666666666666,-1
127,34195,0.3513333333333329,0.09166666666666666,-1
128,34196,0.35511111111111066,0.09166666666666666,-1
129,34197,0.3588888888888884,0.09166666666666666,-1
130,34198,0.3626666666666662,0.09166666666666666,-1
131,34199,0.36644444444444396,0.09166666666666666,-1
132,34200,0.37022222222222173,0.09166666666666666,-1
133,34201,0.3739999999999995,0.09166666666666666,-1
134,34202,0.37777777777777727,0.09166666666666666,-1
135,34203,0.38155555555555504,0.09166666666666666,-1
136,34204,0.3853333333333328,0.09166666666666666,-1
137,34205,0.3891111111111106,0.09166666666666666,-1
138,34206,0.39288888888888834,0.09166666666666666,-1
139,34207,0.3966666666666661,0.09166666666666666,-1
140,34208,0.4004444444444439,0.09166666666666666,-1
141,34209,0.40422222222222165,0.09166666666666666,-1
142,34210,0.4079999999999994,0.09166666666666666,-1
143,34211,0.4117777777777772,0.09166666666666666,-1
144,34212,0.41555555555555496,0.09166666666666666,-1
145,34213,0.4193333333333327,0.09166666666666666,-1
146,34214,0.4231111111111105,0.09166666666666666,-1
147,34215,0.42688888888888826,0.09166666666666666,-1
148,34216,0.43066666666666603,0.09166666666666666,-1
149,34217,0.4344444444444438,0.09166666666666666,-1
150,34218,0.43822222222222157,0.09166666666666666,-1
151,34219,0.44199999999999934,0.09166666666666666,-1
152,34220,0.4457777777777771,0.09166666666666666,-1
153,34221,0.4495555555555549,0.09166666666666666,-1
154,34222,0.45333333333333264,0.09166666666666666,-1
155,34223,0.4571111111111104,0.09166666666666666,-1
156,34224,0.4608888888888882,0.09166666666666666,-1
157,34225,0.46466666666666595,0.09166666666666666,-1
158,34226,0.4684444444444437,0.09166666666666666,-1
159,34227,0.4722222222222215,0.09166666666666666,-1
160,34228,0.47599999999999926,0.09166666666666666,-1
161,34229,0.479777777777777,0.09166666666666666,-1
162,34230,0.4835555555555548,0.09166666666666666,-1
163,34231,0.48733333333333256,0.09166666666666666,-1
164,34232,0.49111111111111033,0.09166666666666666,-1
165,34233,0.4948888888888881,0.09166666666666666,-1
166,34234,0.4948888888888881,0.13333333333333333,54339
167,34235,0.4948888888888881,0.13333333333333333,54339
168,34236,0.4948888888888881,0.13333333333333333,54339
169,34237,0.4948888888888881,0.13333333333333333,54339
170,34238,0.4948888888888881,0.13333333333333333,54339
171,34239,0.4948888888888881,0.13333333333333333,54339
172,34240,0.4948888888888881,0.13333333333333333,54339
173,34241,0.4948888888888881,0.13333333333333333,54339
174,34242,0.4948888888888881,0.13333333333333333,54339
175,34243,0.4948888888888881,0.13333333333333333,54339
176,34244,0.4948888888888881,0.13333333333333333,54339
177,34245,0.4948888888888881,0.13333333333333333,54339
178,34246,0.4948888888888881,0.13333333333333333,54339
179,34247,0.4948888888888881,0.13333333333333333,54339
180,34248,0.4948888888888881,0.13333333333333333,54339
181,34249,0.4948888888888881,0.13333333333333333,54339
182,34250,0.4948888888888881,0.13333333333333333,54339
183,34251,0.4948888888888881,0.13333333333333333,54339
184,34252,0.4948888888888881,0.13333333333333333,54339
185,34253,0.49866666666666587,0.13333333333333333,-1
186,34254,0.5024444444444437,0.13333333333333333,-1
187,34255,0.5062222222222215,0.13333333333333333,-1
188,34256,0.5099999999999992,0.13333333333333333,-1
189,34257,0.513777777777777,0.13333333333333333,-1
190,34258,0.5175555555555548,0.13333333333333333,-1
191,34259,0.5213333333333325,0.13333333333333333,-1
192,34260,0.5251111111111103,0.13333333333333333,-1
193,34261,0.5288888888888881,0.13333333333333333,-1
194,34262,0.5326666666666658,0.13333333333333333,-1
195,34263,0.5364444444444436,0.13333333333333333,-1
196,34264,0.5402222222222214,0.13333333333333333,-1
197,34265,0.5439999999999992,0.13333333333333333,-1
198,34266,0.5477777777777769,0.13333333333333333,-1
199,34267,0.5515555555555547,0.13333333333333333,-1
200,34268,0.5553333333333325,0.13333333333333333,-1
201,34269,0.5591111111111102,0.13333333333333333,-1
202,34270,0.562888888888888,0.13333333333333333,-1
203,34271,0.5666666666666658,0.13333333333333333,-1
204,34272,0.5704444444444435,0.13333333333333333,-1
205,34273,0.5742222222222213,0.13333333333333333,-1
206,34274,0.5779999999999991,0.13333333333333333,-1
207,34275,0.5817777777777768,0.13333333333333333,-1
208,34276,0.5855555555555546,0.13333333333333333,-1
209,34277,0.5893333333333324,0.13333333333333333,-1
210,34278,0.5931111111111101,0.13333333333333333,-1
211,34279,0.5968888888888879,0.13333333333333333,-1
212,34280,0.6006666666666657,0.13333333333333333,-1
213,34281,0.6044444444444435,0.13333333333333333,-1
214,34282,0.6082222222222212,0.13333333333333333,-1
215,34283,0.611999999999999,0.13333333333333333,-1
216,34284,0.6157777777777768,0.13333333333333333,-1
217,34285,0.6195555555555545,0.13333333333333333,-1
218,34286,0.6233333333333323,0.13333333333333333,-1
219,34287,0.6271111111111101,0.13333333333333333,-1
220,34288,0.6308888888888878,0.13333333333333333,-1
221,34289,0.6346666666666656,0.13333333333333333,-1
222,34290,0.6384444444444434,0.13333333333333333,-1
223,34291,0.6422222222222211,0.13333333333333333,-1
224,34292,0.6459999999999989,0.13333333333333333,-1
225,34293,0.6497777777777767,0.13333333333333333,-1
226,34294,0.6535555555555544,0.13333333333333333,-1
227,34295,0.6573333333333322,0.13333333333333333,-1
228,34296,0.66111111111111,0.13333333333333333,-1
229,34297,0.6648888888888878,0.13333333333333333,-1
230,34298,0.6686666666666655,0.13333333333333333,-1
231,34299,0.6724444444444433,0.13333333333333333,-1
232,34300,0.6762222222222211,0.13333333333333333,-1
233,34301,0.6799999999999988,0.13333333333333333,-1
234,34302,0.6837777777777766,0.13333333333333333,-1
235,34303,0.6875555555555544,0.13333333333333333,-1
236,34304,0.6913333333333321,0.13333333333333333,-1
237,34305,0.6951111111111099,0.13333333333333333,-1
238,34306,0.6988888888888877,0.13333333333333333,-1
239,34307,0.7026666666666654,0.13333333333333333,-1
240,34308,0.7064444444444432,0.13333333333333333,-1
241,34309,0.710222222222221,0.13333333333333333,-1
242,34310,0.7139999999999987,0.13333333333333333,-1
243,34311,0.7177777777777765,0.13333333333333333,-1
244,34312,0.7215555555555543,0.13333333333333333,-1
245,34313,0.725333333333332,0.13333333333333333,-1
246,34314,0.7291111111111098,0.13333333333333333,-1
247,34315,0.7328888888888876,0.13333333333333333,-1
248,34316,0.7366666666666654,0.13333333333333333,-1
249,34317,0.7404444444444431,0.13333333333333333,-1
250,34318,0.7442222222222209,0.13333333333333333,-1
251,34319,0.7479999999999987,0.13333333333333333,-1
252,34320,0.7517777777777764,0.13333333333333333,-1
253,34321,0.7555555555555542,0.13333333333333333,-1
254,34322,0.759333333333332,0.13333333333333333,-1
255,34323,0.7631111111111097,0.13333333333333333,-1
256,34324,0.7668888888888875,0.13333333333333333,-1
257,34325,0.7706666666666653,0.13333333333333333,-1
258,34326,0.774444444444443,0.13333333333333333,-1
259,34327,0.7782222222222208,0.13333333333333333,-1
260,34328,0.7819999999999986,0.13333333333333333,-1
261,34329,0.7857777777777764,0.13333333333333333,-1
262,34330,0.7895555555555541,0.13333333333333333,-1
263,34331,0.7933333333333319,0.13333333333333333,-1
264,34332,0.7971111111111097,0.13333333333333333,-1
265,34333,0.8008888888888874,0.13333333333333333,-1
266,34334,0.8046666666666652,0.13333333333333333,-1
267,34335,0.808444444444443,0.13333333333333333,-1
268,34336,0.8122222222222207,0.13333333333333333,-1
269,34337,0.8159999999999985,0.13333333333333333,-1
270,34338,0.8197777777777763,0.13333333333333333,-1
271,34339,0.823555555555554,0.13333333333333333,-1
272,34340,0.8273333333333318,0.13333333333333333,-1
273,34341,0.8311111111111096,0.13333333333333333,-1
274,34342,0.8348888888888873,0.13333333333333333,-1
275,34343,0.8386666666666651,0.13333333333333333,-1
276,34344,0.8424444444444429,0.13333333333333333,-1
277,34345,0.8462222222222207,0.13333333333333333,-1
278,34346,0.8499999999999984,0.13333333333333333,-1
279,34347,0.8537777777777762,0.13333333333333333,-1
280,34348,0.857555555555554,0.13333333333333333,-1
281,34349,0.8613333333333317,0.13333333333333333,-1
282,34350,0.8651111111111095,0.13333333333333333,-1
283,34351,0.8688888888888873,0.13333333333333333,-1
284,34352,0.872666666666665,0.13333333333333333,-1
285,34353,0.8764444444444428,0.13333333333333333,-1
286,34354,0.8802222222222206,0.13333333333333333,-1
287,34355,0.8839999999999983,0.13333333333333333,-1
288,34356,0.8877777777777761,0.13333333333333333,-1
289,34357,0.8915555555555539,0.13333333333333333,-1
290,34358,0.8953333333333316,0.13333333333333333,-1
291,34359,0.8953333333333316,0.175,54329
292,34360,0.8953333333333316,0.175,54329
293,34361,0.8953333333333316,0.175,54329
294,34362,0.8953333333333316,0.175,54329
295,34363,0.8953333333333316,0.175,54329
296,34364,0.8953333333333316,0.175,54329
297,34365,0.8953333333333316,0.175,54329
298,34366,0.8953333333333316,0.175,54329
299,34367,0.8953333333333316,0.175,54329
300,34368,0.8953333333333316,0.175,54329
301,34369,0.8953333333333316,0.175,54329
302,34370,0.8953333333333316,0.175,54329
303,34371,0.8953333333333316,0.175,54329
304,34372,0.8953333333333316,0.175,54329
305,34373,0.8953333333333316,0.175,54329
306,34374,0.8953333333333316,0.175,54329
307,34375,0.8953333333333316,0.175,54329
308,34376,0.8953333333333316,0.175,54329
309,34377,0.8953333333333316,0.175,54329
310,34378,0.8953333333333316,0.175,54329
311,34379,0.8953333333333316,0.175,54329
312,34380,0.8953333333333316,0.175,54329
313,34381,0.8953333333333316,0.175,54329
314,34382,0.8991111111111094,0.175,-1
315,34383,0.9028888888888872,0.175,-1
316,34384,0.906666666666665,0.175,-1
317,34385,0.9104444444444427,0.175,-1
318,34386,0.9142222222222205,0.175,-1
319,34387,0.9179999999999983,0.175,-1
320,34388,0.921777777777776,0.175,-1
321,34389,0.9255555555555538,0.175,-1
322,34390,0.9293333333333316,0.175,-1
323,34391,0.9331111111111093,0.175,-1
324,34392,0.9368888888888871,0.175,-1
325,34393,0.9406666666666649,0.175,-1
326,34394,0.9444444444444426,0.175,-1
327,34395,0.9482222222222204,0.175,-1
328,34396,0.9519999999999982,0.175,-1
329,34397,0.955777777777776,0.175,-1
330,34398,0.9595555555555537,0.175,-1
331,34399,0.9633333333333315,0.175,-1
332,34400,0.9671111111111093,0.175,-1
333,34401,0.970888888888887,0.175,-1
334,34402,0.9746666666666648,0.175,-1
335,34403,0.9784444444444426,0.175,-1
336,34404,0.9822222222222203,0.175,-1
337,34405,0.9859999999999981,0.175,-1
338,34406,0.9897777777777759,0.175,-1
339,34407,0.9935555555555536,0.175,-1
340,34408,0.9973333333333314,0.175,-1
341,34409,1.0011111111111093,0.175,-1
342,34410,1.0048888888888872,0.175,-1
343,34411,1.008666666666665,0.175,-1
344,34412,1.012444444444443,0.175,-1
345,34413,1.0162222222222208,0.175,-1
346,34414,1.0199999999999987,0.175,-1
347,34415,1.0237777777777766,0.175,-1
348,34416,1.0275555555555544,0.175,-1
349,34417,1.0313333333333323,0.175,-1
350,34418,1.0351111111111102,0.175,-1
351,34419,1.038888888888888,0.175,-1
352,34420,1.042666666666666,0.175,-1
353,34421,1.0464444444444438,0.175,-1
354,34422,1.0502222222222217,0.175,-1
355,34423,1.0539999999999996,0.175,-1
356,34424,1.0577777777777775,0.175,-1
357,34425,1.0615555555555554,0.175,-1
358,34426,1.0653333333333332,0.175,-1
359,34427,1.0691111111111111,0.175,-1
360,34428,1.072888888888889,0.175,-1
361,34429,1.0766666666666669,0.175,-1
362,34430,1.0804444444444448,0.175,-1
363,34431,1.0842222222222226,0.175,-1
364,34432,1.0880000000000005,0.175,-1
365,34433,1.0917777777777784,0.175,-1
366,34434,1.0955555555555563,0.175,-1
367,34435,1.0993333333333342,0.175,-1
368,34436,1.103111111111112,0.175,-1
369,34437,1.10688888888889,0.175,-1
370,34438,1.1106666666666678,0.175,-1
371,34439,1.1144444444444457,0.175,-1
372,34440,1.1182222222222236,0.175,-1
373,34441,1.1220000000000014,0.175,-1
374,34442,1.1257777777777793,0.175,-1
375,34443,1.1295555555555572,0.175,-1
376,34444,1.133333333333335,0.175,-1
377,34445,1.137111111111113,0.175,-1
378,34446,1.1408888888888908,0.175,-1
379,34447,1.1446666666666687,0.175,-1
380,34448,1.1484444444444466,0.175,-1
381,34449,1.1522222222222245,0.175,-1
382,34450,1.1560000000000024,0.175,-1
383,34451,1.1597777777777802,0.175,-1
384,34452,1.1635555555555581,0.175,-1
385,34453,1.167333333333336,0.175,-1
386,34454,1.1711111111111139,0.175,-1
387,34455,1.1748888888888918,0.175,-1
388,34456,1.1786666666666696,0.175,-1
389,34457,1.1824444444444475,0.175,-1
390,34458,1.1862222222222254,0.175,-1
391,34459,1.1900000000000033,0.175,-1
392,34460,1.1937777777777812,0.175,-1
393,34461,1.197555555555559,0.175,-1
394,34462,1.197555555555559,0.225,54319
395,34463,1.197555555555559,0.225,54319
396,34464,1.197555555555559,0.225,54319
397,34465,1.197555555555559,0.225,54319
398,34466,1.197555555555559,0.225,54319
399,34467,1.197555555555559,0.225,54319
400,34468,1.197555555555559,0.225,54319
401,34469,1.197555555555559,0.225,54319
402,34470,1.197555555555559,0.225,54319
403,34471,1.197555555555559,0.225,54319
404,34472,1.197555555555559,0.225,54319
405,34473,1.197555555555559,0.225,54319
406,34474,1.197555555555559,0.225,54319
407,34475,1.197555555555559,0.225,54319
408,34476,1.197555555555559,0.225,54319
409,34477,1.197555555555559,0.225,54319
410,34478,1.197555555555559,0.225,54319
411,34479,1.197555555555559,0.225,54319
412,34480,1.197555555555559,0.225,54319
413,34481,1.197555555555559,0.225,54319
414,34482,1.197555555555559,0.225,54319
415,34483,1.197555555555559,0.225,54319
416,34484,1.197555555555559,0.225,54319
417,34485,1.197555555555559,0.225,54319
418,34486,1.197555555555559,0.225,54319
419,34487,1.201333333333337,0.225,-1
420,34488,1.2051111111111148,0.225,-1
421,34489,1.2088888888888927,0.225,-1
422,34490,1.2126666666666706,0.225,-1
423,34491,1.2164444444444484,0.225,-1
424,34492,1.2202222222222263,0.225,-1
425,34493,1.2240000000000042,0.225,-1
426,34494,1.227777777777782,0.225,-1
427,34495,1.23155555555556,0.225,-1
428,34496,1.2353333333333378,0.225,-1
429,34497,1.2391111111111157,0.225,-1
430,34498,1.2428888888888936,0.225,-1
431,34499,1.2466666666666715,0.225,-1
432,34500,1.2504444444444494,0.225,-1
433,34501,1.2542222222222272,0.225,-1
434,34502,1.2580000000000051,0.225,-1
435,34503,1.261777777777783,0.225,-1
436,34504,1.2655555555555609,0.225,-1
437,34505,1.2693333333333388,0.225,-1
438,34506,1.2731111111111166,0.225,-1
439,34507,1.2768888888888945,0.225,-1
440,34508,1.2806666666666724,0.225,-1
441,34509,1.2844444444444503,0.225,-1
442,34510,1.2882222222222282,0.225,-1
443,34511,1.292000000000006,0.225,-1
444,34512,1.295777777777784,0.225,-1
445,34513,1.2995555555555618,0.225,-1
446,34514,1.3033333333333397,0.225,-1
447,34515,1.3071111111111176,0.225,-1
448,34516,1.3108888888888954,0.225,-1
449,34517,1.3146666666666733,0.225,-1
450,34518,1.3184444444444512,0.225,-1
451,34519,1.322222222222229,0.225,-1
452,34520,1.326000000000007,0.225,-1
453,34521,1.3297777777777848,0.225,-1
454,34522,1.3335555555555627,0.225,-1
455,34523,1.3373333333333406,0.225,-1
456,34524,1.3411111111111185,0.225,-1
457,34525,1.3448888888888963,0.225,-1
458,34526,1.3486666666666742,0.225,-1
459,34527,1.352444444444452,0.225,-1
460,34528,1.35622222222223,0.225,-1
461,34529,1.3600000000000079,0.225,-1
462,34530,1.3637777777777857,0.225,-1
463,34531,1.3675555555555636,0.225,-1
464,34532,1.3713333333333415,0.225,-1
465,34533,1.3751111111111194,0.225,-1
466,34534,1.3788888888888973,0.225,-1
467,34535,1.3826666666666751,0.225,-1
468,34536,1.386444444444453,0.225,-1
469,34537,1.390222222222231,0.225,-1
470,34538,1.3940000000000088,0.225,-1
471,34539,1.3977777777777867,0.225,-1
472,34540,1.4015555555555645,0.225,-1
473,34541,1.4053333333333424,0.225,-1
474,34542,1.4091111111111203,0.225,-1
475,34543,1.4128888888888982,0.225,-1
476,34544,1.416666666666676,0.225,-1
477,34545,1.420444444444454,0.225,-1
478,34546,1.4242222222222318,0.225,-1
479,34547,1.4280000000000097,0.225,-1
480,34548,1.4317777777777876,0.225,-1
481,34549,1.4355555555555655,0.225,-1
482,34550,1.4393333333333433,0.225,-1
483,34551,1.4431111111111212,0.225,-1
484,34552,1.446888888888899,0.225,-1
485,34553,1.450666666666677,0.225,-1
486,34554,1.4544444444444549,0.225,-1
487,34555,1.4582222222222327,0.225,-1
488,34556,1.4620000000000106,0.225,-1
489,34557,1.4657777777777885,0.225,-1
490,34558,1.4695555555555664,0.225,-1
491,34559,1.4733333333333443,0.225,-1
492,34560,1.4771111111111221,0.225,-1
493,34561,1.4808888888889,0.225,-1
494,34562,1.484666666666678,0.225,-1
495,34563,1.4884444444444558,0.225,-1
496,34564,1.4922222222222337,0.225,-1
497,34565,1.4960000000000115,0.225,-1
498,34566,1.4997777777777894,0.225,-1
499,34567,1.5035555555555673,0.225,-1
500,34568,1.5073333333333452,0.225,-1
501,34569,1.511111111111123,0.225,-1
502,34570,1.514888888888901,0.225,-1
503,34571,1.5186666666666788,0.225,-1
504,34572,1.5224444444444567,0.225,-1
505,34573,1.5262222222222346,0.225,-1
506,34574,1.5300000000000125,0.225,-1
507,34575,1.5337777777777903,0.225,-1
508,34576,1.5375555555555682,0.225,-1
509,34577,1.541333333333346,0.225,-1
510,34578,1.545111111111124,0.225,-1
511,34579,1.5488888888889019,0.225,-1
512,34580,1.5526666666666797,0.225,-1
513,34581,1.5564444444444576,0.225,-1
514,34582,1.5602222222222355,0.225,-1
515,34583,1.5640000000000134,0.225,-1
516,34584,1.5677777777777913,0.225,-1
517,34585,1.5715555555555691,0.225,-1
518,34586,1.575333333333347,0.225,-1
519,34587,1.579111111111125,0.225,-1
520,34588,1.5828888888889028,0.225,-1
521,34589,1.5866666666666807,0.225,-1
522,34590,1.5904444444444585,0.225,-1
523,34591,1.5942222222222364,0.225,-1
524,34592,1.5980000000000143,0.225,-1
525,34593,1.6017777777777922,0.225,-1
526,34594,1.60555555555557,0.225,-1
527,34595,1.609333333333348,0.225,-1
528,34596,1.6131111111111258,0.225,-1
529,34597,1.6168888888889037,0.225,-1
530,34598,1.6206666666666816,0.225,-1
531,34599,1.6244444444444595,0.225,-1
532,34600,1.6282222222222373,0.225,-1
533,34601,1.6320000000000152,0.225,-1
534,34602,1.635777777777793,0.225,-1
535,34603,1.639555555555571,0.225,-1
536,34604,1.6433333333333489,0.225,-1
537,34605,1.6471111111111267,0.225,-1
538,34606,1.6508888888889046,0.225,-1
539,34607,1.6546666666666825,0.225,-1
540,34608,1.6584444444444604,0.225,-1
541,34609,1.6622222222222383,0.225,-1
542,34610,1.6660000000000161,0.225,-1
543,34611,1.669777777777794,0.225,-1
544,34612,1.673555555555572,0.225,-1
545,34613,1.6773333333333498,0.225,-1
546,34614,1.6811111111111277,0.225,-1
547,34615,1.6848888888889055,0.225,-1
548,34616,1.6886666666666834,0.225,-1
549,34617,1.6924444444444613,0.225,-1
550,34618,1.6962222222222392,0.225,-1
551,34619,1.700000000000017,0.225,-1
552,34620,1.703777777777795,0.225,-1
553,34621,1.7075555555555728,0.225,-1
554,34622,1.7113333333333507,0.225,-1
555,34623,1.7151111111111286,0.225,-1
556,34624,1.7188888888889065,0.225,-1
557,34625,1.7226666666666843,0.225,-1
558,34626,1.7264444444444622,0.225,-1
559,34627,1.73022222222224,0.225,-1
560,34628,1.734000000000018,0.225,-1
561,34629,1.7377777777777959,0.225,-1
562,34630,1.7415555555555737,0.225,-1
563,34631,1.7453333333333516,0.225,-1
564,34632,1.7491111111111295,0.225,-1
565,34633,1.7528888888889074,0.225,-1
566,34634,1.7566666666666853,0.225,-1
567,34635,1.7604444444444631,0.225,-1
568,34636,1.764222222222241,0.225,-1
569,34637,1.768000000000019,0.225,-1
570,34638,1.7717777777777968,0.225,-1
571,34639,1.7755555555555746,0.225,-1
572,34640,1.7793333333333525,0.225,-1
573,34641,1.7831111111111304,0.225,-1
574,34642,1.7868888888889083,0.225,-1
575,34643,1.7906666666666862,0.225,-1
576,34644,1.794444444444464,0.225,-1
577,34645,1.794444444444464,0.24166666666666667,54101
578,34646,1.794444444444464,0.24166666666666667,54101
579,34647,1.794444444444464,0.24166666666666667,54101
580,34648,1.794444444444464,0.24166666666666667,54101
581,34649,1.794444444444464,0.24166666666666667,54101
582,34650,1.794444444444464,0.24166666666666667,54101
583,34651,1.794444444444464,0.24166666666666667,54101
584,34652,1.794444444444464,0.24166666666666667,54101
585,34653,1.794444444444464,0.24166666666666667,54101
586,34654,1.794444444444464,0.24166666666666667,54101
587,34655,1.794444444444464,0.24166666666666667,54101
588,34656,1.794444444444464,0.24166666666666667,54101
589,34657,1.794444444444464,0.24166666666666667,54101
590,34658,1.794444444444464,0.24166666666666667,54101
591,34659,1.794444444444464,0.24166666666666667,54101
592,34660,1.794444444444464,0.24166666666666667,54101
593,34661,1.794444444444464,0.24166666666666667,54101
594,34662,1.794444444444464,0.24166666666666667,54101
595,34663,1.794444444444464,0.24166666666666667,54101
596,34664,1.794444444444464,0.24166666666666667,54101
597,34665,1.794444444444464,0.24166666666666667,54101
598,34666,1.794444444444464,0.24166666666666667,54101
599,34667,1.794444444444464,0.24166666666666667,54101
600,34668,1.794444444444464,0.24166666666666667,54101
601,34669,1.794444444444464,0.24166666666666667,54101
602,34670,1.794444444444464,0.24166666666666667,54101
603,34671,1.794444444444464,0.24166666666666667,54101
604,34672,1.794444444444464,0.24166666666666667,54101
605,34673,1.794444444444464,0.24166666666666667,54101
606,34674,1.794444444444464,0.24166666666666667,54101
607,34675,1.798222222222242,0.24166666666666667,-1
608,34676,1.8020000000000198,0.24166666666666667,-1
609,34677,1.8057777777777977,0.24166666666666667,-1
610,34678,1.8095555555555756,0.24166666666666667,-1
611,34679,1.8133333333333534,0.24166666666666667,-1
612,34680,1.8171111111111313,0.24166666666666667,-1
613,34681,1.8208888888889092,0.24166666666666667,-1
614,34682,1.824666666666687,0.24166666666666667,-1
615,34683,1.828444444444465,0.24166666666666667,-1
616,34684,1.8322222222222428,0.24166666666666667,-1
617,34685,1.8360000000000207,0.24166666666666667,-1
618,34686,1.8397777777777986,0.24166666666666667,-1
619,34687,1.8435555555555765,0.24166666666666667,-1
620,34688,1.8473333333333544,0.24166666666666667,-1
621,34689,1.8511111111111322,0.24166666666666667,-1
622,34690,1.8548888888889101,0.24166666666666667,-1
623,34691,1.858666666666688,0.24166666666666667,-1
624,34692,1.8624444444444659,0.24166666666666667,-1
625,34693,1.8662222222222438,0.24166666666666667,-1
626,34694,1.8700000000000216,0.24166666666666667,-1
627,34695,1.8737777777777995,0.24166666666666667,-1
628,34696,1.8775555555555774,0.24166666666666667,-1
629,34697,1.8813333333333553,0.24166666666666667,-1
630,34698,1.8851111111111332,0.24166666666666667,-1
631,34699,1.888888888888911,0.24166666666666667,-1
632,34700,1.892666666666689,0.24166666666666667,-1
633,34701,1.8964444444444668,0.24166666666666667,-1
634,34702,1.9002222222222447,0.24166666666666667,-1
635,34703,1.9040000000000226,0.24166666666666667,-1
636,34704,1.9077777777778004,0.24166666666666667,-1
637,34705,1.9115555555555783,0.24166666666666667,-1
638,34706,1.9153333333333562,0.24166666666666667,-1
639,34707,1.919111111111134,0.24166666666666667,-1
640,34708,1.922888888888912,0.24166666666666667,-1
641,34709,1.9266666666666898,0.24166666666666667,-1
642,34710,1.9304444444444677,0.24166666666666667,-1
643,34711,1.9342222222222456,0.24166666666666667,-1
644,34712,1.9380000000000235,0.24166666666666667,-1
645,34713,1.9417777777778014,0.24166666666666667,-1
646,34714,1.9455555555555792,0.24166666666666667,-1
647,34715,1.9493333333333571,0.24166666666666667,-1
648,34716,1.953111111111135,0.24166666666666667,-1
649,34717,1.9568888888889129,0.24166666666666667,-1
650,34718,1.9606666666666908,0.24166666666666667,-1
651,34719,1.9644444444444686,0.24166666666666667,-1
652,34720,1.9682222222222465,0.24166666666666667,-1
653,34721,1.9720000000000244,0.24166666666666667,-1
654,34722,1.9757777777778023,0.24166666666666667,-1
655,34723,1.9795555555555802,0.24166666666666667,-1
656,34724,1.983333333333358,0.24166666666666667,-1
657,34725,1.987111111111136,0.24166666666666667,-1
658,34726,1.9908888888889138,0.24166666666666667,-1
659,34727,1.9946666666666917,0.24166666666666667,-1
660,34728,1.9984444444444696,0.24166666666666667,-1
661,34729,2.0022222222222474,0.24166666666666667,-1
662,34730,2.006000000000025,0.24166666666666667,-1
663,34731,2.0097777777778028,0.24166666666666667,-1
664,34732,2.0135555555555804,0.24166666666666667,-1
665,34733,2.017333333333358,0.24166666666666667,-1
666,34734,2.0211111111111357,0.24166666666666667,-1
667,34735,2.0248888888889134,0.24166666666666667,-1
668,34736,2.028666666666691,0.24166666666666667,-1
669,34737,2.0324444444444687,0.24166666666666667,-1
670,34738,2.0362222222222464,0.24166666666666667,-1
671,34739,2.040000000000024,0.24166666666666667,-1
672,34740,2.0437777777778017,0.24166666666666667,-1
673,34741,2.0475555555555793,0.24166666666666667,-1
674,34742,2.051333333333357,0.24166666666666667,-1
675,34743,2.0551111111111346,0.24166666666666667,-1
676,34744,2.0588888888889123,0.24166666666666667,-1
677,34745,2.06266666666669,0.24166666666666667,-1
678,34746,2.0664444444444676,0.24166666666666667,-1
679,34747,2.0702222222222453,0.24166666666666667,-1
680,34748,2.074000000000023,0.24166666666666667,-1
681,34749,2.0777777777778006,0.24166666666666667,-1
682,34750,2.0815555555555783,0.24166666666666667,-1
683,34751,2.085333333333356,0.24166666666666667,-1
684,34752,2.0891111111111336,0.24166666666666667,-1
685,34753,2.0928888888889112,0.24166666666666667,-1
686,34754,2.096666666666689,0.24166666666666667,-1
687,34755,2.1004444444444665,0.24166666666666667,-1
688,34756,2.104222222222244,0.24166666666666667,-1
689,34757,2.108000000000022,0.24166666666666667,-1
690,34758,2.1117777777777995,0.24166666666666667,-1
691,34759,2.115555555555577,0.24166666666666667,-1
692,34760,2.119333333333355,0.24166666666666667,-1
693,34761,2.1231111111111325,0.24166666666666667,-1
694,34762,2.12688888888891,0.24166666666666667,-1
695,34763,2.130666666666688,0.24166666666666667,-1
696,34764,2.1344444444444655,0.24166666666666667,-1
697,34765,2.138222222222243,0.24166666666666667,-1
698,34766,2.1420000000000208,0.24166666666666667,-1
699,34767,2.1457777777777984,0.24166666666666667,-1
700,34768,2.149555555555576,0.24166666666666667,-1
701,34769,2.1533333333333537,0.24166666666666667,-1
702,34770,2.1571111111111314,0.24166666666666667,-1
703,34771,2.160888888888909,0.24166666666666667,-1
704,34772,2.1646666666666867,0.24166666666666667,-1
705,34773,2.1684444444444644,0.24166666666666667,-1
706,34774,2.172222222222242,0.24166666666666667,-1
707,34775,2.1760000000000197,0.24166666666666667,-1
708,34776,2.1797777777777974,0.24166666666666667,-1
709,34777,2.183555555555575,0.24166666666666667,-1
710,34778,2.1873333333333527,0.24166666666666667,-1
711,34779,2.1911111111111303,0.24166666666666667,-1
712,34780,2.194888888888908,0.24166666666666667,-1
713,34781,2.1986666666666856,0.24166666666666667,-1
714,34782,2.2024444444444633,0.24166666666666667,-1
715,34783,2.206222222222241,0.24166666666666667,-1
716,34784,2.2100000000000186,0.24166666666666667,-1
717,34785,2.2137777777777963,0.24166666666666667,-1
718,34786,2.217555555555574,0.24166666666666667,-1
719,34787,2.2213333333333516,0.24166666666666667,-1
720,34788,2.2251111111111292,0.24166666666666667,-1
721,34789,2.228888888888907,0.24166666666666667,-1
722,34790,2.2326666666666846,0.24166666666666667,-1
723,34791,2.236444444444462,0.24166666666666667,-1
724,34792,2.24022222222224,0.24166666666666667,-1
725,34793,2.2440000000000175,0.24166666666666667,-1
726,34794,2.247777777777795,0.24166666666666667,-1
727,34795,2.251555555555573,0.24166666666666667,-1
728,34796,2.2553333333333505,0.24166666666666667,-1
729,34797,2.259111111111128,0.24166666666666667,-1
730,34798,2.262888888888906,0.24166666666666667,-1
731,34799,2.2666666666666835,0.24166666666666667,-1
732,34800,2.270444444444461,0.24166666666666667,-1
733,34801,2.274222222222239,0.24166666666666667,-1
734,34802,2.2780000000000165,0.24166666666666667,-1
735,34803,2.281777777777794,0.24166666666666667,-1
736,34804,2.2855555555555718,0.24166666666666667,-1
737,34805,2.2893333333333494,0.24166666666666667,-1
738,34806,2.293111111111127,0.24166666666666667,-1
739,34807,2.2968888888889047,0.24166666666666667,-1
740,34808,2.3006666666666824,0.24166666666666667,-1
741,34809,2.30444444444446,0.24166666666666667,-1
742,34810,2.3082222222222377,0.24166666666666667,-1
743,34811,2.3120000000000154,0.24166666666666667,-1
744,34812,2.315777777777793,0.24166666666666667,-1
745,34813,2.3195555555555707,0.24166666666666667,-1
746,34814,2.3233333333333483,0.24166666666666667,-1
747,34815,2.327111111111126,0.24166666666666667,-1
748,34816,2.3308888888889037,0.24166666666666667,-1
749,34817,2.3346666666666813,0.24166666666666667,-1
750,34818,2.338444444444459,0.24166666666666667,-1
751,34819,2.3422222222222366,0.24166666666666667,-1
752,34820,2.3460000000000143,0.24166666666666667,-1
753,34821,2.349777777777792,0.24166666666666667,-1
754,34822,2.3535555555555696,0.24166666666666667,-1
755,34823,2.3573333333333473,0.24166666666666667,-1
756,34824,2.361111111111125,0.24166666666666667,-1
757,34825,2.3648888888889026,0.24166666666666667,-1
758,34826,2.3686666666666802,0.24166666666666667,-1
759,34827,2.372444444444458,0.24166666666666667,-1
760,34828,2.3762222222222356,0.24166666666666667,-1
761,34829,2.380000000000013,0.24166666666666667,-1
762,34830,2.383777777777791,0.24166666666666667,-1
763,34831,2.3875555555555685,0.24166666666666667,-1
764,34832,2.391333333333346,0.24166666666666667,-1
765,34833,2.395111111111124,0.24166666666666667,-1
766,34834,2.3988888888889015,0.24166666666666667,-1
767,34835,2.402666666666679,0.24166666666666667,-1
768,34836,2.406444444444457,0.24166666666666667,-1
769,34837,2.4102222222222345,0.24166666666666667,-1
770,34838,2.414000000000012,0.24166666666666667,-1
771,34839,2.41777777777779,0.24166666666666667,-1
772,34840,2.4215555555555675,0.24166666666666667,-1
773,34841,2.425333333333345,0.24166666666666667,-1
774,34842,2.4291111111111228,0.24166666666666667,-1
775,34843,2.4328888888889004,0.24166666666666667,-1
776,34844,2.436666666666678,0.24166666666666667,-1
777,34845,2.4404444444444557,0.24166666666666667,-1
778,34846,2.4442222222222334,0.24166666666666667,-1
779,34847,2.448000000000011,0.24166666666666667,-1
780,34848,2.4517777777777887,0.24166666666666667,-1
781,34849,2.4555555555555664,0.24166666666666667,-1
782,34850,2.459333333333344,0.24166666666666667,-1
783,34851,2.4631111111111217,0.24166666666666667,-1
784,34852,2.4668888888888993,0.24166666666666667,-1
785,34853,2.470666666666677,0.24166666666666667,-1
786,34854,2.4744444444444547,0.24166666666666667,-1
787,34855,2.4782222222222323,0.24166666666666667,-1
788,34856,2.48200000000001,0.24166666666666667,-1
789,34857,2.4857777777777876,0.24166666666666667,-1
790,34858,2.4895555555555653,0.24166666666666667,-1
791,34859,2.493333333333343,0.24166666666666667,-1
792,34860,2.4971111111111206,0.24166666666666667,-1
793,34861,2.5008888888888983,0.24166666666666667,-1
794,34862,2.504666666666676,0.24166666666666667,-1
795,34863,2.5084444444444536,0.24166666666666667,-1
796,34864,2.5122222222222312,0.24166666666666667,-1
797,34865,2.516000000000009,0.24166666666666667,-1
798,34866,2.5197777777777866,0.24166666666666667,-1
799,34867,2.523555555555564,0.24166666666666667,-1
800,34868,2.527333333333342,0.24166666666666667,-1
801,34869,2.5311111111111195,0.24166666666666667,-1
802,34870,2.534888888888897,0.24166666666666667,-1
803,34871,2.538666666666675,0.24166666666666667,-1
804,34872,2.5424444444444525,0.24166666666666667,-1
805,34873,2.54622222222223,0.24166666666666667,-1
806,34874,2.550000000000008,0.24166666666666667,-1
807,34875,2.5537777777777855,0.24166666666666667,-1
808,34876,2.557555555555563,0.24166666666666667,-1
809,34877,2.561333333333341,0.24166666666666667,-1
810,34878,2.5651111111111184,0.24166666666666667,-1
811,34879,2.568888888888896,0.24166666666666667,-1
812,34880,2.5726666666666738,0.24166666666666667,-1
813,34881,2.5764444444444514,0.24166666666666667,-1
814,34882,2.580222222222229,0.24166666666666667,-1
815,34883,2.5840000000000067,0.24166666666666667,-1
816,34884,2.5877777777777844,0.24166666666666667,-1
817,34885,2.591555555555562,0.24166666666666667,-1
818,34886,2.5953333333333397,0.24166666666666667,-1
819,34887,2.5991111111111174,0.24166666666666667,-1
820,34888,2.602888888888895,0.24166666666666667,-1
821,34889,2.6066666666666727,0.24166666666666667,-1
822,34890,2.6104444444444503,0.24166666666666667,-1
823,34891,2.614222222222228,0.24166666666666667,-1
824,34892,2.6180000000000057,0.24166666666666667,-1
825,34893,2.6217777777777833,0.24166666666666667,-1
826,34894,2.625555555555561,0.24166666666666667,-1
827,34895,2.6293333333333386,0.24166666666666667,-1
828,34896,2.6331111111111163,0.24166666666666667,-1
829,34897,2.636888888888894,0.24166666666666667,-1
830,34898,2.6406666666666716,0.24166666666666667,-1
831,34899,2.6444444444444493,0.24166666666666667,-1
832,34900,2.648222222222227,0.24166666666666667,-1
833,34901,2.6520000000000046,0.24166666666666667,-1
834,34902,2.6557777777777822,0.24166666666666667,-1
835,34903,2.65955555555556,0.24166666666666667,-1
836,34904,2.6633333333333375,0.24166666666666667,-1
837,34905,2.667111111111115,0.24166666666666667,-1
838,34906,2.670888888888893,0.24166666666666667,-1
839,34907,2.6746666666666705,0.24166666666666667,-1
840,34908,2.678444444444448,0.24166666666666667,-1
841,34909,2.682222222222226,0.24166666666666667,-1
842,34910,2.6860000000000035,0.24166666666666667,-1
843,34911,2.689777777777781,0.24166666666666667,-1
844,34912,2.693555555555559,0.24166666666666667,-1
845,34913,2.6973333333333365,0.24166666666666667,-1
846,34914,2.6973333333333365,0.25833333333333336,66091
847,34915,2.6973333333333365,0.25833333333333336,66091
848,34916,2.6973333333333365,0.25833333333333336,66091
849,34917,2.6973333333333365,0.25833333333333336,66091
850,34918,2.6973333333333365,0.25833333333333336,66091
851,34919,2.6973333333333365,0.25833333333333336,66091
852,34920,2.6973333333333365,0.25833333333333336,66091
853,34921,2.6973333333333365,0.25833333333333336,66091
854,34922,2.6973333333333365,0.25833333333333336,66091
855,34923,2.6973333333333365,0.25833333333333336,66091
856,34924,2.6973333333333365,0.25833333333333336,66091
857,34925,2.6973333333333365,0.25833333333333336,66091
858,34926,2.6973333333333365,0.25833333333333336,66091
859,34927,2.6973333333333365,0.25833333333333336,66091
860,34928,2.6973333333333365,0.25833333333333336,66091
861,34929,2.6973333333333365,0.25833333333333336,66091
862,34930,2.6973333333333365,0.25833333333333336,66091
863,34931,2.6973333333333365,0.25833333333333336,66091
864,34932,2.6973333333333365,0.25833333333333336,66091
865,34933,2.6973333333333365,0.25833333333333336,66091
866,34934,2.6973333333333365,0.25833333333333336,66091
867,34935,2.6973333333333365,0.25833333333333336,66091
868,34936,2.6973333333333365,0.25833333333333336,66091
869,34937,2.6973333333333365,0.25833333333333336,66091
870,34938,2.6973333333333365,0.25833333333333336,66091
871,34939,2.6973333333333365,0.25833333333333336,66091
872,34940,2.6973333333333365,0.25833333333333336,66091
873,34941,2.6973333333333365,0.25833333333333336,66091
874,34942,2.6973333333333365,0.25833333333333336,66091
875,34943,2.6973333333333365,0.25833333333333336,66091
876,34944,2.6973333333333365,0.25833333333333336,66091
877,34945,2.6973333333333365,0.25833333333333336,66091
878,34946,2.6973333333333365,0.25833333333333336,66091
879,34947,2.6973333333333365,0.25833333333333336,66091
880,34948,2.6973333333333365,0.25833333333333336,66091
881,34949,2.6973333333333365,0.25833333333333336,66091
882,34950,2.6973333333333365,0.25833333333333336,66091
883,34951,2.701111111111114,0.25833333333333336,-1
884,34952,2.704888888888892,0.25833333333333336,-1
885,34953,2.7086666666666694,0.25833333333333336,-1
886,34954,2.712444444444447,0.25833333333333336,-1
887,34955,2.7162222222222248,0.25833333333333336,-1
888,34956,2.7200000000000024,0.25833333333333336,-1
889,34957,2.72377777777778,0.25833333333333336,-1
890,34958,2.7275555555555577,0.25833333333333336,-1
891,34959,2.7313333333333354,0.25833333333333336,-1
892,34960,2.735111111111113,0.25833333333333336,-1
893,34961,2.7388888888888907,0.25833333333333336,-1
894,34962,2.7426666666666684,0.25833333333333336,-1
895,34963,2.746444444444446,0.25833333333333336,-1
896,34964,2.7502222222222237,0.25833333333333336,-1
897,34965,2.7540000000000013,0.25833333333333336,-1
898,34966,2.757777777777779,0.25833333333333336,-1
899,34967,2.7615555555555567,0.25833333333333336,-1
900,34968,2.7653333333333343,0.25833333333333336,-1
901,34969,2.769111111111112,0.25833333333333336,-1
902,34970,2.7728888888888896,0.25833333333333336,-1
903,34971,2.7766666666666673,0.25833333333333336,-1
904,34972,2.780444444444445,0.25833333333333336,-1
905,34973,2.7842222222222226,0.25833333333333336,-1
906,34974,2.7880000000000003,0.25833333333333336,-1
907,34975,2.791777777777778,0.25833333333333336,-1
908,34976,2.7955555555555556,0.25833333333333336,-1
909,34977,2.7993333333333332,0.25833333333333336,-1
910,34978,2.803111111111111,0.25833333333333336,-1
911,34979,2.8068888888888885,0.25833333333333336,-1
912,34980,2.810666666666666,0.25833333333333336,-1
913,34981,2.814444444444444,0.25833333333333336,-1
914,34982,2.8182222222222215,0.25833333333333336,-1
915,34983,2.821999999999999,0.25833333333333336,-1
916,34984,2.825777777777777,0.25833333333333336,-1
917,34985,2.8295555555555545,0.25833333333333336,-1
918,34986,2.833333333333332,0.25833333333333336,-1
919,34987,2.83711111111111,0.25833333333333336,-1
920,34988,2.8408888888888875,0.25833333333333336,-1
921,34989,2.844666666666665,0.25833333333333336,-1
922,34990,2.848444444444443,0.25833333333333336,-1
923,34991,2.8522222222222204,0.25833333333333336,-1
924,34992,2.855999999999998,0.25833333333333336,-1
925,34993,2.8597777777777758,0.25833333333333336,-1
926,34994,2.8635555555555534,0.25833333333333336,-1
927,34995,2.867333333333331,0.25833333333333336,-1
928,34996,2.8711111111111087,0.25833333333333336,-1
929,34997,2.8748888888888864,0.25833333333333336,-1
930,34998,2.878666666666664,0.25833333333333336,-1
931,34999,2.8824444444444417,0.25833333333333336,-1
932,35000,2.8862222222222194,0.25833333333333336,-1
933,35001,2.889999999999997,0.25833333333333336,-1
934,35002,2.8937777777777747,0.25833333333333336,-1
935,35003,2.8975555555555523,0.25833333333333336,-1
936,35004,2.90133333333333,0.25833333333333336,-1
937,35005,2.9051111111111076,0.25833333333333336,-1
938,35006,2.9088888888888853,0.25833333333333336,-1
939,35007,2.912666666666663,0.25833333333333336,-1
940,35008,2.9164444444444406,0.25833333333333336,-1
941,35009,2.9202222222222183,0.25833333333333336,-1
942,35010,2.923999999999996,0.25833333333333336,-1
943,35011,2.9277777777777736,0.25833333333333336,-1
944,35012,2.9315555555555513,0.25833333333333336,-1
945,35013,2.935333333333329,0.25833333333333336,-1
946,35014,2.9391111111111066,0.25833333333333336,-1
947,35015,2.9428888888888842,0.25833333333333336,-1
948,35016,2.946666666666662,0.25833333333333336,-1
949,35017,2.9504444444444395,0.25833333333333336,-1
950,35018,2.954222222222217,0.25833333333333336,-1
951,35019,2.957999999999995,0.25833333333333336,-1
952,35020,2.9617777777777725,0.25833333333333336,-1
953,35021,2.96555555555555,0.25833333333333336,-1
954,35022,2.969333333333328,0.25833333333333336,-1
955,35023,2.9731111111111055,0.25833333333333336,-1
956,35024,2.976888888888883,0.25833333333333336,-1
957,35025,2.980666666666661,0.25833333333333336,-1
958,35026,2.9844444444444385,0.25833333333333336,-1
959,35027,2.988222222222216,0.25833333333333336,-1
960,35028,2.9919999999999938,0.25833333333333336,-1
961,35029,2.9957777777777714,0.25833333333333336,-1
962,35030,2.999555555555549,0.25833333333333336,-1
963,35031,3.0033333333333267,0.25833333333333336,-1
964,35032,3.0071111111111044,0.25833333333333336,-1
965,35033,3.010888888888882,0.25833333333333336,-1
966,35034,3.0146666666666597,0.25833333333333336,-1
967,35035,3.0184444444444374,0.25833333333333336,-1
968,35036,3.022222222222215,0.25833333333333336,-1
969,35037,3.0259999999999927,0.25833333333333336,-1
970,35038,3.0297777777777704,0.25833333333333336,-1
971,35039,3.033555555555548,0.25833333333333336,-1
972,35040,3.0373333333333257,0.25833333333333336,-1
973,35041,3.0411111111111033,0.25833333333333336,-1
974,35042,3.044888888888881,0.25833333333333336,-1
975,35043,3.0486666666666586,0.25833333333333336,-1
976,35044,3.0524444444444363,0.25833333333333336,-1
977,35045,3.056222222222214,0.25833333333333336,-1
978,35046,3.0599999999999916,0.25833333333333336,-1
979,35047,3.0637777777777693,0.25833333333333336,-1
980,35048,3.067555555555547,0.25833333333333336,-1
981,35049,3.0713333333333246,0.25833333333333336,-1
982,35050,3.0751111111111022,0.25833333333333336,-1
983,35051,3.07888888888888,0.25833333333333336,-1
984,35052,3.0826666666666576,0.25833333333333336,-1
985,35053,3.086444444444435,0.25833333333333336,-1
986,35054,3.090222222222213,0.25833333333333336,-1
987,35055,3.0939999999999905,0.25833333333333336,-1
988,35056,3.097777777777768,0.25833333333333336,-1
989,35057,3.101555555555546,0.25833333333333336,-1
990,35058,3.1053333333333235,0.25833333333333336,-1
991,35059,3.109111111111101,0.25833333333333336,-1
992,35060,3.112888888888879,0.25833333333333336,-1
993,35061,3.1166666666666565,0.25833333333333336,-1
994,35062,3.120444444444434,0.25833333333333336,-1
995,35063,3.124222222222212,0.25833333333333336,-1
996,35064,3.1279999999999895,0.25833333333333336,-1
997,35065,3.131777777777767,0.25833333333333336,-1
998,35066,3.1355555555555448,0.25833333333333336,-1
999,35067,3.1393333333333224,0.25833333333333336,-1
1000,35068,3.1431111111111,0.25833333333333336,-1
1001,35069,3.1468888888888777,0.25833333333333336,-1
1002,35070,3.1506666666666554,0.25833333333333336,-1
1003,35071,3.154444444444433,0.25833333333333336,-1
1004,35072,3.1582222222222107,0.25833333333333336,-1
1005,35073,3.1619999999999884,0.25833333333333336,-1
1006,35074,3.165777777777766,0.25833333333333336,-1
1007,35075,3.1695555555555437,0.25833333333333336,-1
1008,35076,3.1733333333333213,0.25833333333333336,-1
1009,35077,3.177111111111099,0.25833333333333336,-1
1010,35078,3.1808888888888767,0.25833333333333336,-1
1011,35079,3.1846666666666543,0.25833333333333336,-1
1012,35080,3.188444444444432,0.25833333333333336,-1
1013,35081,3.1922222222222096,0.25833333333333336,-1
1014,35082,3.1959999999999873,0.25833333333333336,-1
1015,35083,3.1959999999999873,0.2833333333333333,66031
1016,35084,3.1959999999999873,0.2833333333333333,66031
1017,35085,3.1959999999999873,0.2833333333333333,66031
1018,35086,3.1959999999999873,0.2833333333333333,66031
1019,35087,3.1959999999999873,0.2833333333333333,66031
1020,35088,3.1959999999999873,0.2833333333333333,66031
1021,35089,3.1959999999999873,0.2833333333333333,66031
1022,35090,3.1959999999999873,0.2833333333333333,66031
1023,35091,3.1959999999999873,0.2833333333333333,66031
1024,35092,3.1959999999999873,0.2833333333333333,66031
1025,35093,3.1959999999999873,0.2833333333333333,66031
1026,35094,3.1959999999999873,0.2833333333333333,66031
1027,35095,3.1959999999999873,0.2833333333333333,66031
1028,35096,3.1959999999999873,0.2833333333333333,66031
1029,35097,3.1959999999999873,0.2833333333333333,66031
1030,35098,3.1959999999999873,0.2833333333333333,66031
1031,35099,3.1959999999999873,0.2833333333333333,66031
1032,35100,3.1959999999999873,0.2833333333333333,66031
1033,35101,3.1959999999999873,0.2833333333333333,66031
1034,35102,3.1959999999999873,0.2833333333333333,66031
1035,35103,3.1959999999999873,0.2833333333333333,66031
1036,35104,3.1959999999999873,0.2833333333333333,66031
1037,35105,3.1959999999999873,0.2833333333333333,66031
1038,35106,3.1959999999999873,0.2833333333333333,66031
1039,35107,3.1959999999999873,0.2833333333333333,66031
1040,35108,3.1959999999999873,0.2833333333333333,66031
1041,35109,3.1959999999999873,0.2833333333333333,66031
1042,35110,3.1959999999999873,0.2833333333333333,66031
1043,35111,3.1959999999999873,0.2833333333333333,66031
1044,35112,3.1959999999999873,0.2833333333333333,66031
1045,35113,3.1959999999999873,0.2833333333333333,66031
1046,35114,3.1959999999999873,0.2833333333333333,66031
1047,35115,3.1959999999999873,0.2833333333333333,66031
1048,35116,3.1959999999999873,0.2833333333333333,66031
1049,35117,3.1959999999999873,0.2833333333333333,66031
1050,35118,3.1959999999999873,0.2833333333333333,66031
1051,35119,3.1959999999999873,0.2833333333333333,66031
1052,35120,3.1959999999999873,0.2833333333333333,66031
1053,35121,3.1959999999999873,0.2833333333333333,66031
1054,35122,3.1959999999999873,0.2833333333333333,66031
1055,35123,3.1959999999999873,0.2833333333333333,66031
1056,35124,3.199777777777765,0.2833333333333333,-1
1057,35125,3.2035555555555426,0.2833333333333333,-1
1058,35126,3.2073333333333203,0.2833333333333333,-1
1059,35127,3.211111111111098,0.2833333333333333,-1
1060,35128,3.2148888888888756,0.2833333333333333,-1
1061,35129,3.2186666666666532,0.2833333333333333,-1
1062,35130,3.222444444444431,0.2833333333333333,-1
1063,35131,3.2262222222222086,0.2833333333333333,-1
1064,35132,3.229999999999986,0.2833333333333333,-1
1065,35133,3.233777777777764,0.2833333333333333,-1
1066,35134,3.2375555555555415,0.2833333333333333,-1
1067,35135,3.241333333333319,0.2833333333333333,-1
1068,35136,3.245111111111097,0.2833333333333333,-1
1069,35137,3.2488888888888745,0.2833333333333333,-1
1070,35138,3.252666666666652,0.2833333333333333,-1
1071,35139,3.25644444444443,0.2833333333333333,-1
1072,35140,3.2602222222222075,0.2833333333333333,-1
1073,35141,3.263999999999985,0.2833333333333333,-1
1074,35142,3.267777777777763,0.2833333333333333,-1
1075,35143,3.2715555555555405,0.2833333333333333,-1
1076,35144,3.275333333333318,0.2833333333333333,-1
1077,35145,3.2791111111110958,0.2833333333333333,-1
1078,35146,3.2828888888888734,0.2833333333333333,-1
1079,35147,3.286666666666651,0.2833333333333333,-1
1080,35148,3.2904444444444287,0.2833333333333333,-1
1081,35149,3.2942222222222064,0.2833333333333333,-1
1082,35150,3.297999999999984,0.2833333333333333,-1
1083,35151,3.3017777777777617,0.2833333333333333,-1
1084,35152,3.3055555555555394,0.2833333333333333,-1
1085,35153,3.309333333333317,0.2833333333333333,-1
1086,35154,3.3131111111110947,0.2833333333333333,-1
1087,35155,3.3168888888888723,0.2833333333333333,-1
1088,35156,3.32066666666665,0.2833333333333333,-1
1089,35157,3.3244444444444277,0.2833333333333333,-1
1090,35158,3.3282222222222053,0.2833333333333333,-1
1091,35159,3.331999999999983,0.2833333333333333,-1
1092,35160,3.3357777777777606,0.2833333333333333,-1
1093,35161,3.3395555555555383,0.2833333333333333,-1
1094,35162,3.343333333333316,0.2833333333333333,-1
1095,35163,3.3471111111110936,0.2833333333333333,-1
1096,35164,3.3508888888888713,0.2833333333333333,-1
1097,35165,3.354666666666649,0.2833333333333333,-1
1098,35166,3.3584444444444266,0.2833333333333333,-1
1099,35167,3.3622222222222042,0.2833333333333333,-1
1100,35168,3.365999999999982,0.2833333333333333,-1
1101,35169,3.3697777777777596,0.2833333333333333,-1
1102,35170,3.373555555555537,0.2833333333333333,-1
1103,35171,3.377333333333315,0.2833333333333333,-1
1104,35172,3.3811111111110925,0.2833333333333333,-1
1105,35173,3.38488888888887,0.2833333333333333,-1
1106,35174,3.388666666666648,0.2833333333333333,-1
1107,35175,3.3924444444444255,0.2833333333333333,-1
1108,35176,3.396222222222203,0.2833333333333333,-1
1109,35177,3.399999999999981,0.2833333333333333,-1
1110,35178,3.4037777777777585,0.2833333333333333,-1
1111,35179,3.407555555555536,0.2833333333333333,-1
1112,35180,3.411333333333314,0.2833333333333333,-1
1113,35181,3.4151111111110914,0.2833333333333333,-1
1114,35182,3.418888888888869,0.2833333333333333,-1
1115,35183,3.4226666666666468,0.2833333333333333,-1
1116,35184,3.4264444444444244,0.2833333333333333,-1
1117,35185,3.430222222222202,0.2833333333333333,-1
1118,35186,3.4339999999999797,0.2833333333333333,-1
1119,35187,3.4377777777777574,0.2833333333333333,-1
1120,35188,3.441555555555535,0.2833333333333333,-1
1121,35189,3.4453333333333127,0.2833333333333333,-1
1122,35190,3.4491111111110904,0.2833333333333333,-1
1123,35191,3.452888888888868,0.2833333333333333,-1
1124,35192,3.4566666666666457,0.2833333333333333,-1
1125,35193,3.4604444444444233,0.2833333333333333,-1
1126,35194,3.464222222222201,0.2833333333333333,-1
1127,35195,3.4679999999999787,0.2833333333333333,-1
1128,35196,3.4717777777777563,0.2833333333333333,-1
1129,35197,3.475555555555534,0.2833333333333333,-1
1130,35198,3.4793333333333116,0.2833333333333333,-1
1131,35199,3.4831111111110893,0.2833333333333333,-1
1132,35200,3.486888888888867,0.2833333333333333,-1
1133,35201,3.4906666666666446,0.2833333333333333,-1
1134,35202,3.4944444444444223,0.2833333333333333,-1
1135,35203,3.4982222222222,0.2833333333333333,-1
1136,35204,3.5019999999999776,0.2833333333333333,-1
1137,35205,3.5057777777777552,0.2833333333333333,-1
1138,35206,3.509555555555533,0.2833333333333333,-1
1139,35207,3.5133333333333105,0.2833333333333333,-1
1140,35208,3.517111111111088,0.2833333333333333,-1
1141,35209,3.520888888888866,0.2833333333333333,-1
1142,35210,3.5246666666666435,0.2833333333333333,-1
1143,35211,3.528444444444421,0.2833333333333333,-1
1144,35212,3.532222222222199,0.2833333333333333,-1
1145,35213,3.5359999999999765,0.2833333333333333,-1
1146,35214,3.539777777777754,0.2833333333333333,-1
1147,35215,3.543555555555532,0.2833333333333333,-1
1148,35216,3.5473333333333095,0.2833333333333333,-1
1149,35217,3.551111111111087,0.2833333333333333,-1
1150,35218,3.554888888888865,0.2833333333333333,-1
1151,35219,3.5586666666666424,0.2833333333333333,-1
1152,35220,3.56244444444442,0.2833333333333333,-1
1153,35221,3.5662222222221978,0.2833333333333333,-1
1154,35222,3.5699999999999754,0.2833333333333333,-1
1155,35223,3.573777777777753,0.2833333333333333,-1
1156,35224,3.5775555555555307,0.2833333333333333,-1
1157,35225,3.5813333333333084,0.2833333333333333,-1
1158,35226,3.585111111111086,0.2833333333333333,-1
1159,35227,3.5888888888888637,0.2833333333333333,-1
1160,35228,3.5926666666666414,0.2833333333333333,-1
1161,35229,3.596444444444419,0.2833333333333333,-1
1162,35230,3.6002222222221967,0.2833333333333333,-1
1163,35231,3.6039999999999743,0.2833333333333333,-1
1164,35232,3.607777777777752,0.2833333333333333,-1
1165,35233,3.6115555555555297,0.2833333333333333,-1
1166,35234,3.6153333333333073,0.2833333333333333,-1
1167,35235,3.619111111111085,0.2833333333333333,-1
1168,35236,3.6228888888888626,0.2833333333333333,-1
1169,35237,3.6266666666666403,0.2833333333333333,-1
1170,35238,3.630444444444418,0.2833333333333333,-1
1171,35239,3.6342222222221956,0.2833333333333333,-1
1172,35240,3.6379999999999733,0.2833333333333333,-1
1173,35241,3.641777777777751,0.2833333333333333,-1
1174,35242,3.6455555555555286,0.2833333333333333,-1
1175,35243,3.6493333333333062,0.2833333333333333,-1
1176,35244,3.653111111111084,0.2833333333333333,-1
1177,35245,3.6568888888888615,0.2833333333333333,-1
1178,35246,3.660666666666639,0.2833333333333333,-1
1179,35247,3.664444444444417,0.2833333333333333,-1
1180,35248,3.6682222222221945,0.2833333333333333,-1
1181,35249,3.671999999999972,0.2833333333333333,-1
1182,35250,3.67577777777775,0.2833333333333333,-1
1183,35251,3.6795555555555275,0.2833333333333333,-1
1184,35252,3.683333333333305,0.2833333333333333,-1
1185,35253,3.687111111111083,0.2833333333333333,-1
1186,35254,3.6908888888888605,0.2833333333333333,-1
1187,35255,3.694666666666638,0.2833333333333333,-1
1188,35256,3.694666666666638,0.2916666666666667,66041
1189,35257,3.694666666666638,0.2916666666666667,66041
1190,35258,3.694666666666638,0.2916666666666667,66041
1191,35259,3.694666666666638,0.2916666666666667,66041
1192,35260,3.694666666666638,0.2916666666666667,66041
1193,35261,3.694666666666638,0.2916666666666667,66041
1194,35262,3.694666666666638,0.2916666666666667,66041
1195,35263,3.694666666666638,0.2916666666666667,66041
1196,35264,3.694666666666638,0.2916666666666667,66041
1197,35265,3.694666666666638,0.2916666666666667,66041
1198,35266,3.694666666666638,0.2916666666666667,66041
1199,35267,3.694666666666638,0.2916666666666667,66041
1200,35268,3.694666666666638,0.2916666666666667,66041
1201,35269,3.694666666666638,0.2916666666666667,66041
1202,35270,3.694666666666638,0.2916666666666667,66041
1203,35271,3.694666666666638,0.2916666666666667,66041
1204,35272,3.694666666666638,0.2916666666666667,66041
1205,35273,3.694666666666638,0.2916666666666667,66041
1206,35274,3.694666666666638,0.2916666666666667,66041
1207,35275,3.694666666666638,0.2916666666666667,66041
1208,35276,3.694666666666638,0.2916666666666667,66041
1209,35277,3.694666666666638,0.2916666666666667,66041
1210,35278,3.694666666666638,0.2916666666666667,66041
1211,35279,3.694666666666638,0.2916666666666667,66041
1212,35280,3.694666666666638,0.2916666666666667,66041
1213,35281,3.694666666666638,0.2916666666666667,66041
1214,35282,3.694666666666638,0.2916666666666667,66041
1215,35283,3.694666666666638,0.2916666666666667,66041
1216,35284,3.694666666666638,0.2916666666666667,66041
1217,35285,3.694666666666638,0.2916666666666667,66041
1218,35286,3.694666666666638,0.2916666666666667,66041
1219,35287,3.694666666666638,0.2916666666666667,66041
1220,35288,3.694666666666638,0.2916666666666667,66041
1221,35289,3.694666666666638,0.2916666666666667,66041
1222,35290,3.694666666666638,0.2916666666666667,66041
1223,35291,3.694666666666638,0.2916666666666667,66041
1224,35292,3.694666666666638,0.2916666666666667,66041
1225,35293,3.694666666666638,0.2916666666666667,66041
1226,35294,3.694666666666638,0.2916666666666667,66041
1227,35295,3.694666666666638,0.2916666666666667,66041
1228,35296,3.694666666666638,0.2916666666666667,66041
1229,35297,3.694666666666638,0.2916666666666667,66041
1230,35298,3.698444444444416,0.2916666666666667,-1
1231,35299,3.7022222222221934,0.2916666666666667,-1
1232,35300,3.705999999999971,0.2916666666666667,-1
1233,35301,3.7097777777777488,0.2916666666666667,-1
1234,35302,3.7135555555555264,0.2916666666666667,-1
1235,35303,3.717333333333304,0.2916666666666667,-1
1236,35304,3.7211111111110817,0.2916666666666667,-1
1237,35305,3.7248888888888594,0.2916666666666667,-1
1238,35306,3.728666666666637,0.2916666666666667,-1
1239,35307,3.7324444444444147,0.2916666666666667,-1
1240,35308,3.7362222222221924,0.2916666666666667,-1
1241,35309,3.73999999999997,0.2916666666666667,-1
1242,35310,3.7437777777777477,0.2916666666666667,-1
1243,35311,3.7475555555555253,0.2916666666666667,-1
1244,35312,3.751333333333303,0.2916666666666667,-1
1245,35313,3.7551111111110806,0.2916666666666667,-1
1246,35314,3.7588888888888583,0.2916666666666667,-1
1247,35315,3.762666666666636,0.2916666666666667,-1
1248,35316,3.7664444444444136,0.2916666666666667,-1
1249,35317,3.7702222222221913,0.2916666666666667,-1
1250,35318,3.773999999999969,0.2916666666666667,-1
1251,35319,3.7777777777777466,0.2916666666666667,-1
1252,35320,3.7815555555555243,0.2916666666666667,-1
1253,35321,3.785333333333302,0.2916666666666667,-1
1254,35322,3.7891111111110796,0.2916666666666667,-1
1255,35323,3.7928888888888572,0.2916666666666667,-1
1256,35324,3.796666666666635,0.2916666666666667,-1
1257,35325,3.8004444444444125,0.2916666666666667,-1
1258,35326,3.80422222222219,0.2916666666666667,-1
1259,35327,3.807999999999968,0.2916666666666667,-1
1260,35328,3.8117777777777455,0.2916666666666667,-1
1261,35329,3.815555555555523,0.2916666666666667,-1
1262,35330,3.819333333333301,0.2916666666666667,-1
1263,35331,3.8231111111110785,0.2916666666666667,-1
1264,35332,3.826888888888856,0.2916666666666667,-1
1265,35333,3.830666666666634,0.2916666666666667,-1
1266,35334,3.8344444444444115,0.2916666666666667,-1
1267,35335,3.838222222222189,0.2916666666666667,-1
1268,35336,3.8419999999999668,0.2916666666666667,-1
1269,35337,3.8457777777777444,0.2916666666666667,-1
1270,35338,3.849555555555522,0.2916666666666667,-1
1271,35339,3.8533333333332997,0.2916666666666667,-1
1272,35340,3.8571111111110774,0.2916666666666667,-1
1273,35341,3.860888888888855,0.2916666666666667,-1
1274,35342,3.8646666666666327,0.2916666666666667,-1
1275,35343,3.8684444444444104,0.2916666666666667,-1
1276,35344,3.872222222222188,0.2916666666666667,-1
1277,35345,3.8759999999999657,0.2916666666666667,-1
1278,35346,3.8797777777777434,0.2916666666666667,-1
1279,35347,3.883555555555521,0.2916666666666667,-1
1280,35348,3.8873333333332987,0.2916666666666667,-1
1281,35349,3.8911111111110763,0.2916666666666667,-1
1282,35350,3.894888888888854,0.2916666666666667,-1
1283,35351,3.8986666666666316,0.2916666666666667,-1
1284,35352,3.9024444444444093,0.2916666666666667,-1
1285,35353,3.906222222222187,0.2916666666666667,-1
1286,35354,3.9099999999999646,0.2916666666666667,-1
1287,35355,3.9137777777777423,0.2916666666666667,-1
1288,35356,3.91755555555552,0.2916666666666667,-1
1289,35357,3.9213333333332976,0.2916666666666667,-1
1290,35358,3.9251111111110752,0.2916666666666667,-1
1291,35359,3.928888888888853,0.2916666666666667,-1
1292,35360,3.9326666666666306,0.2916666666666667,-1
1293,35361,3.936444444444408,0.2916666666666667,-1
1294,35362,3.940222222222186,0.2916666666666667,-1
1295,35363,3.9439999999999635,0.2916666666666667,-1
1296,35364,3.947777777777741,0.2916666666666667,-1
1297,35365,3.951555555555519,0.2916666666666667,-1
1298,35366,3.9553333333332965,0.2916666666666667,-1
1299,35367,3.959111111111074,0.2916666666666667,-1
1300,35368,3.962888888888852,0.2916666666666667,-1
1301,35369,3.9666666666666295,0.2916666666666667,-1
1302,35370,3.970444444444407,0.2916666666666667,-1
1303,35371,3.974222222222185,0.2916666666666667,-1
1304,35372,3.9779999999999625,0.2916666666666667,-1
1305,35373,3.98177777777774,0.2916666666666667,-1
1306,35374,3.9855555555555178,0.2916666666666667,-1
1307,35375,3.9893333333332954,0.2916666666666667,-1
1308,35376,3.993111111111073,0.2916666666666667,-1
1309,35377,3.9968888888888507,0.2916666666666667,-1
1310,35378,3.9968888888888507,0.38333333333333336,66051
1311,35379,3.9968888888888507,0.38333333333333336,66051
1312,35380,3.9968888888888507,0.38333333333333336,66051
1313,35381,3.9968888888888507,0.38333333333333336,66051
1314,35382,3.9968888888888507,0.38333333333333336,66051
1315,35383,3.9968888888888507,0.38333333333333336,66051
1316,35384,3.9968888888888507,0.38333333333333336,66051
1317,35385,3.9968888888888507,0.38333333333333336,66051
1318,35386,3.9968888888888507,0.38333333333333336,66051
1319,35387,3.9968888888888507,0.38333333333333336,66051
1320,35388,3.9968888888888507,0.38333333333333336,66051
1321,35389,3.9968888888888507,0.38333333333333336,66051
1322,35390,3.9968888888888507,0.38333333333333336,66051
1323,35391,3.9968888888888507,0.38333333333333336,66051
1324,35392,3.9968888888888507,0.38333333333333336,66051
1325,35393,3.9968888888888507,0.38333333333333336,66051
1326,35394,3.9968888888888507,0.38333333333333336,66051
1327,35395,3.9968888888888507,0.38333333333333336,66051
1328,35396,3.9968888888888507,0.38333333333333336,66051
1329,35397,3.9968888888888507,0.38333333333333336,66051
1330,35398,3.9968888888888507,0.38333333333333336,66051
1331,35399,3.9968888888888507,0.38333333333333336,66051
1332,35400,3.9968888888888507,0.38333333333333336,66051
1333,35401,3.9968888888888507,0.38333333333333336,66051
1334,35402,3.9968888888888507,0.38333333333333336,66051
1335,35403,3.9968888888888507,0.38333333333333336,66051
1336,35404,3.9968888888888507,0.38333333333333336,66051
1337,35405,3.9968888888888507,0.38333333333333336,66051
1338,35406,3.9968888888888507,0.38333333333333336,66051
1339,35407,3.9968888888888507,0.38333333333333336,66051
1340,35408,3.9968888888888507,0.38333333333333336,66051
1341,35409,3.9968888888888507,0.38333333333333336,66051
1342,35410,3.9968888888888507,0.38333333333333336,66051
1343,35411,3.9968888888888507,0.38333333333333336,66051
1344,35412,3.9968888888888507,0.38333333333333336,66051
1345,35413,3.9968888888888507,0.38333333333333336,66051
1346,35414,3.9968888888888507,0.38333333333333336,66051
1347,35415,3.9968888888888507,0.38333333333333336,66051
1348,35416,3.9968888888888507,0.38333333333333336,66051
1349,35417,3.9968888888888507,0.38333333333333336,66051
1350,35418,3.9968888888888507,0.38333333333333336,66051
1351,35419,3.9968888888888507,0.38333333333333336,66051
1352,35420,3.9968888888888507,0.38333333333333336,66051
1353,35421,4.000666666666628,0.38333333333333336,-1
1354,35422,4.004444444444406,0.38333333333333336,-1
1355,35423,4.008222222222184,0.38333333333333336,-1
1356,35424,4.011999999999961,0.38333333333333336,-1
1357,35425,4.015777777777739,0.38333333333333336,-1
1358,35426,4.019555555555517,0.38333333333333336,-1
1359,35427,4.023333333333294,0.38333333333333336,-1
1360,35428,4.027111111111072,0.38333333333333336,-1
1361,35429,4.03088888888885,0.38333333333333336,-1
1362,35430,4.034666666666627,0.38333333333333336,-1
1363,35431,4.038444444444405,0.38333333333333336,-1
1364,35432,4.042222222222183,0.38333333333333336,-1
1365,35433,4.04599999999996,0.38333333333333336,-1
1366,35434,4.049777777777738,0.38333333333333336,-1
1367,35435,4.053555555555516,0.38333333333333336,-1
1368,35436,4.057333333333293,0.38333333333333336,-1
1369,35437,4.061111111111071,0.38333333333333336,-1
1370,35438,4.064888888888849,0.38333333333333336,-1
1371,35439,4.068666666666626,0.38333333333333336,-1
1372,35440,4.072444444444404,0.38333333333333336,-1
1373,35441,4.076222222222182,0.38333333333333336,-1
1374,35442,4.079999999999959,0.38333333333333336,-1
1375,35443,4.083777777777737,0.38333333333333336,-1
1376,35444,4.0875555555555145,0.38333333333333336,-1
1377,35445,4.091333333333292,0.38333333333333336,-1
1378,35446,4.09511111111107,0.38333333333333336,-1
1379,35447,4.0988888888888475,0.38333333333333336,-1
1380,35448,4.102666666666625,0.38333333333333336,-1
1381,35449,4.106444444444403,0.38333333333333336,-1
1382,35450,4.1102222222221805,0.38333333333333336,-1
1383,35451,4.113999999999958,0.38333333333333336,-1
1384,35452,4.117777777777736,0.38333333333333336,-1
1385,35453,4.1215555555555135,0.38333333333333336,-1
1386,35454,4.125333333333291,0.38333333333333336,-1
1387,35455,4.129111111111069,0.38333333333333336,-1
1388,35456,4.132888888888846,0.38333333333333336,-1
1389,35457,4.136666666666624,0.38333333333333336,-1
1390,35458,4.140444444444402,0.38333333333333336,-1
1391,35459,4.144222222222179,0.38333333333333336,-1
1392,35460,4.147999999999957,0.38333333333333336,-1
1393,35461,4.151777777777735,0.38333333333333336,-1
1394,35462,4.155555555555512,0.38333333333333336,-1
1395,35463,4.15933333333329,0.38333333333333336,-1
1396,35464,4.163111111111068,0.38333333333333336,-1
1397,35465,4.166888888888845,0.38333333333333336,-1
1398,35466,4.170666666666623,0.38333333333333336,-1
1399,35467,4.174444444444401,0.38333333333333336,-1
1400,35468,4.178222222222178,0.38333333333333336,-1
1401,35469,4.181999999999956,0.38333333333333336,-1
1402,35470,4.185777777777734,0.38333333333333336,-1
1403,35471,4.189555555555511,0.38333333333333336,-1
1404,35472,4.193333333333289,0.38333333333333336,-1
1405,35473,4.197111111111067,0.38333333333333336,-1
1406,35474,4.200888888888844,0.38333333333333336,-1
1407,35475,4.204666666666622,0.38333333333333336,-1
1408,35476,4.2084444444444,0.38333333333333336,-1
1409,35477,4.212222222222177,0.38333333333333336,-1
1410,35478,4.215999999999955,0.38333333333333336,-1
1411,35479,4.2197777777777326,0.38333333333333336,-1
1412,35480,4.22355555555551,0.38333333333333336,-1
1413,35481,4.227333333333288,0.38333333333333336,-1
1414,35482,4.2311111111110655,0.38333333333333336,-1
1415,35483,4.234888888888843,0.38333333333333336,-1
1416,35484,4.238666666666621,0.38333333333333336,-1
1417,35485,4.2424444444443985,0.38333333333333336,-1
1418,35486,4.246222222222176,0.38333333333333336,-1
1419,35487,4.249999999999954,0.38333333333333336,-1
1420,35488,4.2537777777777315,0.38333333333333336,-1
1421,35489,4.257555555555509,0.38333333333333336,-1
1422,35490,4.261333333333287,0.38333333333333336,-1
1423,35491,4.2651111111110644,0.38333333333333336,-1
1424,35492,4.268888888888842,0.38333333333333336,-1
1425,35493,4.27266666666662,0.38333333333333336,-1
1426,35494,4.276444444444397,0.38333333333333336,-1
1427,35495,4.280222222222175,0.38333333333333336,-1
1428,35496,4.283999999999953,0.38333333333333336,-1
1429,35497,4.28777777777773,0.38333333333333336,-1
1430,35498,4.291555555555508,0.38333333333333336,-1
1431,35499,4.295333333333286,0.38333333333333336,-1
1432,35500,4.299111111111063,0.38333333333333336,-1
1433,35501,4.302888888888841,0.38333333333333336,-1
1434,35502,4.306666666666619,0.38333333333333336,-1
1435,35503,4.310444444444396,0.38333333333333336,-1
1436,35504,4.314222222222174,0.38333333333333336,-1
1437,35505,4.317999999999952,0.38333333333333336,-1
1438,35506,4.321777777777729,0.38333333333333336,-1
1439,35507,4.325555555555507,0.38333333333333336,-1
1440,35508,4.329333333333285,0.38333333333333336,-1
1441,35509,4.333111111111062,0.38333333333333336,-1
1442,35510,4.33688888888884,0.38333333333333336,-1
1443,35511,4.340666666666618,0.38333333333333336,-1
1444,35512,4.344444444444395,0.38333333333333336,-1
1445,35513,4.348222222222173,0.38333333333333336,-1
1446,35514,4.351999999999951,0.38333333333333336,-1
1447,35515,4.355777777777728,0.38333333333333336,-1
1448,35516,4.359555555555506,0.38333333333333336,-1
1449,35517,4.3633333333332835,0.38333333333333336,-1
1450,35518,4.367111111111061,0.38333333333333336,-1
1451,35519,4.370888888888839,0.38333333333333336,-1
1452,35520,4.3746666666666165,0.38333333333333336,-1
1453,35521,4.378444444444394,0.38333333333333336,-1
1454,35522,4.382222222222172,0.38333333333333336,-1
1455,35523,4.3859999999999495,0.38333333333333336,-1
1456,35524,4.389777777777727,0.38333333333333336,-1
1457,35525,4.393555555555505,0.38333333333333336,-1
1458,35526,4.3973333333332825,0.38333333333333336,-1
1459,35527,4.3973333333332825,0.43333333333333335,66379
1460,35528,4.3973333333332825,0.43333333333333335,66379
1461,35529,4.3973333333332825,0.43333333333333335,66379
1462,35530,4.3973333333332825,0.43333333333333335,66379
1463,35531,4.3973333333332825,0.43333333333333335,66379
1464,35532,4.3973333333332825,0.43333333333333335,66379
1465,35533,4.3973333333332825,0.43333333333333335,66379
1466,35534,4.3973333333332825,0.43333333333333335,66379
1467,35535,4.3973333333332825,0.43333333333333335,66379
1468,35536,4.3973333333332825,0.43333333333333335,66379
1469,35537,4.3973333333332825,0.43333333333333335,66379
1470,35538,4.3973333333332825,0.43333333333333335,66379
1471,35539,4.3973333333332825,0.43333333333333335,66379
1472,35540,4.3973333333332825,0.43333333333333335,66379
1473,35541,4.3973333333332825,0.43333333333333335,66379
1474,35542,4.3973333333332825,0.43333333333333335,66379
1475,35543,4.3973333333332825,0.43333333333333335,66379
1476,35544,4.3973333333332825,0.43333333333333335,66379
1477,35545,4.3973333333332825,0.43333333333333335,66379
1478,35546,4.3973333333332825,0.43333333333333335,66379
1479,35547,4.3973333333332825,0.43333333333333335,66379
1480,35548,4.3973333333332825,0.43333333333333335,66379
1481,35549,4.3973333333332825,0.43333333333333335,66379
1482,35550,4.3973333333332825,0.43333333333333335,66379
1483,35551,4.3973333333332825,0.43333333333333335,66379
1484,35552,4.3973333333332825,0.43333333333333335,66379
1485,35553,4.3973333333332825,0.43333333333333335,66379
1486,35554,4.3973333333332825,0.43333333333333335,66379
1487,35555,4.3973333333332825,0.43333333333333335,66379
1488,35556,4.3973333333332825,0.43333333333333335,66379
1489,35557,4.3973333333332825,0.43333333333333335,66379
1490,35558,4.3973333333332825,0.43333333333333335,66379
1491,35559,4.3973333333332825,0.43333333333333335,66379
1492,35560,4.3973333333332825,0.43333333333333335,66379
1493,35561,4.3973333333332825,0.43333333333333335,66379
1494,35562,4.3973333333332825,0.43333333333333335,66379
1495,35563,4.3973333333332825,0.43333333333333335,66379
1496,35564,4.3973333333332825,0.43333333333333335,66379
1497,35565,4.3973333333332825,0.43333333333333335,66379
1498,35566,4.3973333333332825,0.43333333333333335,66379
1499,35567,4.3973333333332825,0.43333333333333335,66379
1500,35568,4.3973333333332825,0.43333333333333335,66379
1501,35569,4.40111111111106,0.43333333333333335,-1
1502,35570,4.404888888888838,0.43333333333333335,-1
1503,35571,4.408666666666615,0.43333333333333335,-1
1504,35572,4.412444444444393,0.43333333333333335,-1
1505,35573,4.416222222222171,0.43333333333333335,-1
1506,35574,4.419999999999948,0.43333333333333335,-1
1507,35575,4.423777777777726,0.43333333333333335,-1
1508,35576,4.427555555555504,0.43333333333333335,-1
1509,35577,4.431333333333281,0.43333333333333335,-1
1510,35578,4.435111111111059,0.43333333333333335,-1
1511,35579,4.438888888888837,0.43333333333333335,-1
1512,35580,4.442666666666614,0.43333333333333335,-1
1513,35581,4.446444444444392,0.43333333333333335,-1
1514,35582,4.45022222222217,0.43333333333333335,-1
1515,35583,4.453999999999947,0.43333333333333335,-1
1516,35584,4.457777777777725,0.43333333333333335,-1
1517,35585,4.461555555555503,0.43333333333333335,-1
1518,35586,4.46533333333328,0.43333333333333335,-1
1519,35587,4.469111111111058,0.43333333333333335,-1
1520,35588,4.472888888888836,0.43333333333333335,-1
1521,35589,4.476666666666613,0.43333333333333335,-1
1522,35590,4.480444444444391,0.43333333333333335,-1
1523,35591,4.484222222222169,0.43333333333333335,-1
1524,35592,4.487999999999946,0.43333333333333335,-1
1525,35593,4.491777777777724,0.43333333333333335,-1
1526,35594,4.495555555555502,0.43333333333333335,-1
1527,35595,4.499333333333279,0.43333333333333335,-1
1528,35596,4.503111111111057,0.43333333333333335,-1
1529,35597,4.5068888888888345,0.43333333333333335,-1
1530,35598,4.510666666666612,0.43333333333333335,-1
1531,35599,4.51444444444439,0.43333333333333335,-1
1532,35600,4.5182222222221675,0.43333333333333335,-1
1533,35601,4.521999999999945,0.43333333333333335,-1
1534,35602,4.525777777777723,0.43333333333333335,-1
1535,35603,4.5295555555555005,0.43333333333333335,-1
1536,35604,4.533333333333278,0.43333333333333335,-1
1537,35605,4.537111111111056,0.43333333333333335,-1
1538,35606,4.5408888888888335,0.43333333333333335,-1
1539,35607,4.544666666666611,0.43333333333333335,-1
1540,35608,4.548444444444389,0.43333333333333335,-1
1541,35609,4.552222222222166,0.43333333333333335,-1
1542,35610,4.555999999999944,0.43333333333333335,-1
1543,35611,4.559777777777722,0.43333333333333335,-1
1544,35612,4.563555555555499,0.43333333333333335,-1
1545,35613,4.567333333333277,0.43333333333333335,-1
1546,35614,4.571111111111055,0.43333333333333335,-1
1547,35615,4.574888888888832,0.43333333333333335,-1
1548,35616,4.57866666666661,0.43333333333333335,-1
1549,35617,4.582444444444388,0.43333333333333335,-1
1550,35618,4.586222222222165,0.43333333333333335,-1
1551,35619,4.589999999999943,0.43333333333333335,-1
1552,35620,4.593777777777721,0.43333333333333335,-1
1553,35621,4.597555555555498,0.43333333333333335,-1
1554,35622,4.601333333333276,0.43333333333333335,-1
1555,35623,4.605111111111054,0.43333333333333335,-1
1556,35624,4.608888888888831,0.43333333333333335,-1
1557,35625,4.612666666666609,0.43333333333333335,-1
1558,35626,4.616444444444387,0.43333333333333335,-1
1559,35627,4.620222222222164,0.43333333333333335,-1
1560,35628,4.623999999999942,0.43333333333333335,-1
1561,35629,4.62777777777772,0.43333333333333335,-1
1562,35630,4.631555555555497,0.43333333333333335,-1
1563,35631,4.635333333333275,0.43333333333333335,-1
1564,35632,4.639111111111053,0.43333333333333335,-1
1565,35633,4.64288888888883,0.43333333333333335,-1
1566,35634,4.646666666666608,0.43333333333333335,-1
1567,35635,4.6504444444443855,0.43333333333333335,-1
1568,35636,4.654222222222163,0.43333333333333335,-1
1569,35637,4.657999999999941,0.43333333333333335,-1
1570,35638,4.6617777777777185,0.43333333333333335,-1
1571,35639,4.665555555555496,0.43333333333333335,-1
1572,35640,4.669333333333274,0.43333333333333335,-1
1573,35641,4.6731111111110515,0.43333333333333335,-1
1574,35642,4.676888888888829,0.43333333333333335,-1
1575,35643,4.680666666666607,0.43333333333333335,-1
1576,35644,4.6844444444443845,0.43333333333333335,-1
1577,35645,4.688222222222162,0.43333333333333335,-1
1578,35646,4.69199999999994,0.43333333333333335,-1
1579,35647,4.695777777777717,0.43333333333333335,-1
1580,35648,4.695777777777717,0.375,66359
1581,35649,4.695777777777717,0.375,66359
1582,35650,4.695777777777717,0.375,66359
1583,35651,4.695777777777717,0.375,66359
1584,35652,4.695777777777717,0.375,66359
1585,35653,4.695777777777717,0.375,66359
1586,35654,4.695777777777717,0.375,66359
1587,35655,4.695777777777717,0.375,66359
1588,35656,4.695777777777717,0.375,66359
1589,35657,4.695777777777717,0.375,66359
1590,35658,4.695777777777717,0.375,66359
1591,35659,4.695777777777717,0.375,66359
1592,35660,4.695777777777717,0.375,66359
1593,35661,4.695777777777717,0.375,66359
1594,35662,4.695777777777717,0.375,66359
1595,35663,4.695777777777717,0.375,66359
1596,35664,4.695777777777717,0.375,66359
1597,35665,4.695777777777717,0.375,66359
1598,35666,4.695777777777717,0.375,66359
1599,35667,4.695777777777717,0.375,66359
1600,35668,4.695777777777717,0.375,66359
1601,35669,4.695777777777717,0.375,66359
1602,35670,4.695777777777717,0.375,66359
1603,35671,4.695777777777717,0.375,66359
1604,35672,4.695777777777717,0.375,66359
1605,35673,4.695777777777717,0.375,66359
1606,35674,4.695777777777717,0.375,66359
1607,35675,4.695777777777717,0.375,66359
1608,35676,4.695777777777717,0.375,66359
1609,35677,4.695777777777717,0.375,66359
1610,35678,4.695777777777717,0.375,66359
1611,35679,4.695777777777717,0.375,66359
1612,35680,4.695777777777717,0.375,66359
1613,35681,4.695777777777717,0.375,66359
1614,35682,4.695777777777717,0.375,66359
1615,35683,4.695777777777717,0.375,66359
1616,35684,4.695777777777717,0.375,66359
1617,35685,4.695777777777717,0.375,66359
1618,35686,4.695777777777717,0.375,66359
1619,35687,4.699555555555495,0.375,-1
1620,35688,4.703333333333273,0.375,-1
1621,35689,4.70711111111105,0.375,-1
1622,35690,4.710888888888828,0.375,-1
1623,35691,4.714666666666606,0.375,-1
1624,35692,4.718444444444383,0.375,-1
1625,35693,4.722222222222161,0.375,-1
1626,35694,4.725999999999939,0.375,-1
1627,35695,4.729777777777716,0.375,-1
1628,35696,4.733555555555494,0.375,-1
1629,35697,4.737333333333272,0.375,-1
1630,35698,4.741111111111049,0.375,-1
1631,35699,4.744888888888827,0.375,-1
1632,35700,4.748666666666605,0.375,-1
1633,35701,4.752444444444382,0.375,-1
1634,35702,4.75622222222216,0.375,-1
1635,35703,4.759999999999938,0.375,-1
1636,35704,4.763777777777715,0.375,-1
1637,35705,4.767555555555493,0.375,-1
1638,35706,4.771333333333271,0.375,-1
1639,35707,4.775111111111048,0.375,-1
1640,35708,4.778888888888826,0.375,-1
1641,35709,4.782666666666604,0.375,-1
1642,35710,4.786444444444381,0.375,-1
1643,35711,4.790222222222159,0.375,-1
1644,35712,4.7939999999999365,0.375,-1
1645,35713,4.797777777777714,0.375,-1
1646,35714,4.801555555555492,0.375,-1
1647,35715,4.8053333333332695,0.375,-1
1648,35716,4.809111111111047,0.375,-1
1649,35717,4.812888888888825,0.375,-1
1650,35718,4.8166666666666025,0.375,-1
1651,35719,4.82044444444438,0.375,-1
1652,35720,4.824222222222158,0.375,-1
1653,35721,4.8279999999999355,0.375,-1
1654,35722,4.831777777777713,0.375,-1
1655,35723,4.835555555555491,0.375,-1
1656,35724,4.839333333333268,0.375,-1
1657,35725,4.843111111111046,0.375,-1
1658,35726,4.846888888888824,0.375,-1
1659,35727,4.850666666666601,0.375,-1
1660,35728,4.854444444444379,0.375,-1
1661,35729,4.858222222222157,0.375,-1
1662,35730,4.861999999999934,0.375,-1
1663,35731,4.865777777777712,0.375,-1
1664,35732,4.86955555555549,0.375,-1
1665,35733,4.873333333333267,0.375,-1
1666,35734,4.877111111111045,0.375,-1
1667,35735,4.880888888888823,0.375,-1
1668,35736,4.8846666666666,0.375,-1
1669,35737,4.888444444444378,0.375,-1
1670,35738,4.892222222222156,0.375,-1
1671,35739,4.895999999999933,0.375,-1
1672,35740,4.899777777777711,0.375,-1
1673,35741,4.903555555555489,0.375,-1
1674,35742,4.907333333333266,0.375,-1
1675,35743,4.911111111111044,0.375,-1
1676,35744,4.914888888888822,0.375,-1
1677,35745,4.918666666666599,0.375,-1
1678,35746,4.922444444444377,0.375,-1
1679,35747,4.926222222222155,0.375,-1
1680,35748,4.929999999999932,0.375,-1
1681,35749,4.93377777777771,0.375,-1
1682,35750,4.9375555555554875,0.375,-1
1683,35751,4.941333333333265,0.375,-1
1684,35752,4.945111111111043,0.375,-1
1685,35753,4.9488888888888205,0.375,-1
1686,35754,4.952666666666598,0.375,-1
1687,35755,4.956444444444376,0.375,-1
1688,35756,4.9602222222221535,0.375,-1
1689,35757,4.963999999999931,0.375,-1
1690,35758,4.967777777777709,0.375,-1
1691,35759,4.9715555555554864,0.375,-1
1692,35760,4.975333333333264,0.375,-1
1693,35761,4.979111111111042,0.375,-1
1694,35762,4.982888888888819,0.375,-1
1695,35763,4.986666666666597,0.375,-1
1696,35764,4.990444444444375,0.375,-1
1697,35765,4.994222222222152,0.375,-1
1698,35766,4.99799999999993,0.375,-1
1699,35767,4.99799999999993,0.39166666666666666,62141
1700,35768,4.99799999999993,0.39166666666666666,62141
1701,35769,4.99799999999993,0.39166666666666666,62141
1702,35770,4.99799999999993,0.39166666666666666,62141
1703,35771,4.99799999999993,0.39166666666666666,62141
1704,35772,4.99799999999993,0.39166666666666666,62141
1705,35773,4.99799999999993,0.39166666666666666,62141
1706,35774,4.99799999999993,0.39166666666666666,62141
1707,35775,4.99799999999993,0.39166666666666666,62141
1708,35776,4.99799999999993,0.39166666666666666,62141
1709,35777,4.99799999999993,0.39166666666666666,62141
1710,35778,4.99799999999993,0.39166666666666666,62141
1711,35779,4.99799999999993,0.39166666666666666,62141
1712,35780,4.99799999999993,0.39166666666666666,62141
1713,35781,4.99799999999993,0.39166666666666666,62141
1714,35782,4.99799999999993,0.39166666666666666,62141
1715,35783,4.99799999999993,0.39166666666666666,62141
1716,35784,4.99799999999993,0.39166666666666666,62141
1717,35785,4.99799999999993,0.39166666666666666,62141
1718,35786,4.99799999999993,0.39166666666666666,62141
1719,35787,4.99799999999993,0.39166666666666666,62141
1720,35788,4.99799999999993,0.39166666666666666,62141
1721,35789,4.99799999999993,0.39166666666666666,62141
1722,35790,4.99799999999993,0.39166666666666666,62141
1723,35791,4.99799999999993,0.39166666666666666,62141
1724,35792,4.99799999999993,0.39166666666666666,62141
1725,35793,4.99799999999993,0.39166666666666666,62141
1726,35794,4.99799999999993,0.39166666666666666,62141
1727,35795,4.99799999999993,0.39166666666666666,62141
1728,35796,4.99799999999993,0.39166666666666666,62141
1729,35797,4.99799999999993,0.39166666666666666,62141
1730,35798,4.99799999999993,0.39166666666666666,62141
1731,35799,4.99799999999993,0.39166666666666666,62141
1732,35800,4.99799999999993,0.39166666666666666,62141
1733,35801,4.99799999999993,0.39166666666666666,62141
1734,35802,4.99799999999993,0.39166666666666666,62141
1735,35803,4.99799999999993,0.39166666666666666,62141
1736,35804,4.99799999999993,0.39166666666666666,62141
1737,35805,5.001777777777708,0.39166666666666666,-1
1738,35806,5.005555555555485,0.39166666666666666,-1
1739,35807,5.009333333333263,0.39166666666666666,-1
1740,35808,5.013111111111041,0.39166666666666666,-1
1741,35809,5.016888888888818,0.39166666666666666,-1
1742,35810,5.020666666666596,0.39166666666666666,-1
1743,35811,5.024444444444374,0.39166666666666666,-1
1744,35812,5.028222222222151,0.39166666666666666,-1
1745,35813,5.031999999999929,0.39166666666666666,-1
1746,35814,5.035777777777707,0.39166666666666666,-1
1747,35815,5.039555555555484,0.39166666666666666,-1
1748,35816,5.043333333333262,0.39166666666666666,-1
1749,35817,5.04711111111104,0.39166666666666666,-1
1750,35818,5.050888888888817,0.39166666666666666,-1
1751,35819,5.054666666666595,0.39166666666666666,-1
1752,35820,5.058444444444373,0.39166666666666666,-1
1753,35821,5.06222222222215,0.39166666666666666,-1
1754,35822,5.065999999999928,0.39166666666666666,-1
1755,35823,5.0697777777777056,0.39166666666666666,-1
1756,35824,5.073555555555483,0.39166666666666666,-1
1757,35825,5.077333333333261,0.39166666666666666,-1
1758,35826,5.0811111111110385,0.39166666666666666,-1
1759,35827,5.084888888888816,0.39166666666666666,-1
1760,35828,5.088666666666594,0.39166666666666666,-1
1761,35829,5.0924444444443715,0.39166666666666666,-1
1762,35830,5.096222222222149,0.39166666666666666,-1
1763,35831,5.099999999999927,0.39166666666666666,-1
1764,35832,5.1037777777777045,0.39166666666666666,-1
1765,35833,5.107555555555482,0.39166666666666666,-1
1766,35834,5.11133333333326,0.39166666666666666,-1
1767,35835,5.1151111111110374,0.39166666666666666,-1
1768,35836,5.118888888888815,0.39166666666666666,-1
1769,35837,5.122666666666593,0.39166666666666666,-1
1770,35838,5.12644444444437,0.39166666666666666,-1
1771,35839,5.130222222222148,0.39166666666666666,-1
1772,35840,5.133999999999926,0.39166666666666666,-1
1773,35841,5.137777777777703,0.39166666666666666,-1
1774,35842,5.141555555555481,0.39166666666666666,-1
1775,35843,5.145333333333259,0.39166666666666666,-1
1776,35844,5.149111111111036,0.39166666666666666,-1
1777,35845,5.152888888888814,0.39166666666666666,-1
1778,35846,5.156666666666592,0.39166666666666666,-1
1779,35847,5.160444444444369,0.39166666666666666,-1
1780,35848,5.164222222222147,0.39166666666666666,-1
1781,35849,5.167999999999925,0.39166666666666666,-1
1782,35850,5.171777777777702,0.39166666666666666,-1
1783,35851,5.17555555555548,0.39166666666666666,-1
1784,35852,5.179333333333258,0.39166666666666666,-1
1785,35853,5.183111111111035,0.39166666666666666,-1
1786,35854,5.186888888888813,0.39166666666666666,-1
1787,35855,5.190666666666591,0.39166666666666666,-1
1788,35856,5.194444444444368,0.39166666666666666,-1
1789,35857,5.198222222222146,0.39166666666666666,-1
1790,35858,5.201999999999924,0.39166666666666666,-1
1791,35859,5.205777777777701,0.39166666666666666,-1
1792,35860,5.209555555555479,0.39166666666666666,-1
1793,35861,5.2133333333332565,0.39166666666666666,-1
1794,35862,5.217111111111034,0.39166666666666666,-1
1795,35863,5.220888888888812,0.39166666666666666,-1
1796,35864,5.2246666666665895,0.39166666666666666,-1
1797,35865,5.228444444444367,0.39166666666666666,-1
1798,35866,5.232222222222145,0.39166666666666666,-1
1799,35867,5.2359999999999225,0.39166666666666666,-1
1800,35868,5.2397777777777,0.39166666666666666,-1
1801,35869,5.243555555555478,0.39166666666666666,-1
1802,35870,5.2473333333332555,0.39166666666666666,-1
1803,35871,5.251111111111033,0.39166666666666666,-1
1804,35872,5.254888888888811,0.39166666666666666,-1
1805,35873,5.258666666666588,0.39166666666666666,-1
1806,35874,5.262444444444366,0.39166666666666666,-1
1807,35875,5.266222222222144,0.39166666666666666,-1
1808,35876,5.269999999999921,0.39166666666666666,-1
1809,35877,5.273777777777699,0.39166666666666666,-1
1810,35878,5.277555555555477,0.39166666666666666,-1
1811,35879,5.281333333333254,0.39166666666666666,-1
1812,35880,5.285111111111032,0.39166666666666666,-1
1813,35881,5.28888888888881,0.39166666666666666,-1
1814,35882,5.292666666666587,0.39166666666666666,-1
1815,35883,5.296444444444365,0.39166666666666666,-1
1816,35884,5.300222222222143,0.39166666666666666,-1
1817,35885,5.30399999999992,0.39166666666666666,-1
1818,35886,5.307777777777698,0.39166666666666666,-1
1819,35887,5.311555555555476,0.39166666666666666,-1
1820,35888,5.315333333333253,0.39166666666666666,-1
1821,35889,5.319111111111031,0.39166666666666666,-1
1822,35890,5.322888888888809,0.39166666666666666,-1
1823,35891,5.326666666666586,0.39166666666666666,-1
1824,35892,5.330444444444364,0.39166666666666666,-1
1825,35893,5.334222222222142,0.39166666666666666,-1
1826,35894,5.337999999999919,0.39166666666666666,-1
1827,35895,5.341777777777697,0.39166666666666666,-1
1828,35896,5.345555555555475,0.39166666666666666,-1
1829,35897,5.349333333333252,0.39166666666666666,-1
1830,35898,5.35311111111103,0.39166666666666666,-1
1831,35899,5.3568888888888075,0.39166666666666666,-1
1832,35900,5.360666666666585,0.39166666666666666,-1
1833,35901,5.364444444444363,0.39166666666666666,-1
1834,35902,5.3682222222221405,0.39166666666666666,-1
1835,35903,5.371999999999918,0.39166666666666666,-1
1836,35904,5.375777777777696,0.39166666666666666,-1
1837,35905,5.3795555555554735,0.39166666666666666,-1
1838,35906,5.383333333333251,0.39166666666666666,-1
1839,35907,5.387111111111029,0.39166666666666666,-1
1840,35908,5.3908888888888065,0.39166666666666666,-1
1841,35909,5.394666666666584,0.39166666666666666,-1
1842,35910,5.394666666666584,0.35,62059
1843,35911,5.394666666666584,0.35,62059
1844,35912,5.394666666666584,0.35,62059
1845,35913,5.394666666666584,0.35,62059
1846,35914,5.394666666666584,0.35,62059
1847,35915,5.394666666666584,0.35,62059
1848,35916,5.394666666666584,0.35,62059
1849,35917,5.394666666666584,0.35,62059
1850,35918,5.394666666666584,0.35,62059
1851,35919,5.394666666666584,0.35,62059
1852,35920,5.394666666666584,0.35,62059
1853,35921,5.394666666666584,0.35,62059
1854,35922,5.394666666666584,0.35,62059
1855,35923,5.394666666666584,0.35,62059
1856,35924,5.394666666666584,0.35,62059
1857,35925,5.394666666666584,0.35,62059
1858,35926,5.394666666666584,0.35,62059
1859,35927,5.394666666666584,0.35,62059
1860,35928,5.394666666666584,0.35,62059
1861,35929,5.394666666666584,0.35,62059
1862,35930,5.394666666666584,0.35,62059
1863,35931,5.394666666666584,0.35,62059
1864,35932,5.394666666666584,0.35,62059
1865,35933,5.394666666666584,0.35,62059
1866,35934,5.394666666666584,0.35,62059
1867,35935,5.394666666666584,0.35,62059
1868,35936,5.394666666666584,0.35,62059
1869,35937,5.394666666666584,0.35,62059
1870,35938,5.394666666666584,0.35,62059
1871,35939,5.394666666666584,0.35,62059
1872,35940,5.394666666666584,0.35,62059
1873,35941,5.394666666666584,0.35,62059
1874,35942,5.394666666666584,0.35,62059
1875,35943,5.394666666666584,0.35,62059
1876,35944,5.394666666666584,0.35,62059
1877,35945,5.394666666666584,0.35,62059
1878,35946,5.394666666666584,0.35,62059
1879,35947,5.394666666666584,0.35,62059
1880,35948,5.398444444444362,0.35,-1
1881,35949,5.402222222222139,0.35,-1
1882,35950,5.405999999999917,0.35,-1
1883,35951,5.409777777777695,0.35,-1
1884,35952,5.413555555555472,0.35,-1
1885,35953,5.41733333333325,0.35,-1
1886,35954,5.421111111111028,0.35,-1
1887,35955,5.424888888888805,0.35,-1
1888,35956,5.428666666666583,0.35,-1
1889,35957,5.432444444444361,0.35,-1
1890,35958,5.436222222222138,0.35,-1
1891,35959,5.439999999999916,0.35,-1
1892,35960,5.443777777777694,0.35,-1
1893,35961,5.447555555555471,0.35,-1
1894,35962,5.451333333333249,0.35,-1
1895,35963,5.455111111111027,0.35,-1
1896,35964,5.458888888888804,0.35,-1
1897,35965,5.462666666666582,0.35,-1
1898,35966,5.46644444444436,0.35,-1
1899,35967,5.470222222222137,0.35,-1
1900,35968,5.473999999999915,0.35,-1
1901,35969,5.477777777777693,0.35,-1
1902,35970,5.48155555555547,0.35,-1
1903,35971,5.485333333333248,0.35,-1
1904,35972,5.489111111111026,0.35,-1
1905,35973,5.492888888888803,0.35,-1
1906,35974,5.496666666666581,0.35,-1
1907,35975,5.5004444444443585,0.35,-1
1908,35976,5.504222222222136,0.35,-1
1909,35977,5.507999999999914,0.35,-1
1910,35978,5.5117777777776915,0.35,-1
1911,35979,5.515555555555469,0.35,-1
1912,35980,5.519333333333247,0.35,-1
1913,35981,5.5231111111110245,0.35,-1
1914,35982,5.526888888888802,0.35,-1
1915,35983,5.53066666666658,0.35,-1
1916,35984,5.5344444444443575,0.35,-1
1917,35985,5.538222222222135,0.35,-1
1918,35986,5.541999999999913,0.35,-1
1919,35987,5.54577777777769,0.35,-1
1920,35988,5.549555555555468,0.35,-1
1921,35989,5.553333333333246,0.35,-1
1922,35990,5.557111111111023,0.35,-1
1923,35991,5.560888888888801,0.35,-1
1924,35992,5.564666666666579,0.35,-1
1925,35993,5.568444444444356,0.35,-1
1926,35994,5.572222222222134,0.35,-1
1927,35995,5.575999999999912,0.35,-1
1928,35996,5.579777777777689,0.35,-1
1929,35997,5.583555555555467,0.35,-1
1930,35998,5.587333333333245,0.35,-1
1931,35999,5.591111111111022,0.35,-1
1932,36000,5.5948888888888,0.35,-1
1933,36001,5.598666666666578,0.35,-1
1934,36002,5.602444444444355,0.35,-1
1935,36003,5.606222222222133,0.35,-1
1936,36004,5.609999999999911,0.35,-1
1937,36005,5.613777777777688,0.35,-1
1938,36006,5.617555555555466,0.35,-1
1939,36007,5.621333333333244,0.35,-1
1940,36008,5.625111111111021,0.35,-1
1941,36009,5.628888888888799,0.35,-1
1942,36010,5.632666666666577,0.35,-1
1943,36011,5.636444444444354,0.35,-1
1944,36012,5.640222222222132,0.35,-1
1945,36013,5.6439999999999095,0.35,-1
1946,36014,5.647777777777687,0.35,-1
1947,36015,5.651555555555465,0.35,-1
1948,36016,5.6553333333332425,0.35,-1
1949,36017,5.65911111111102,0.35,-1
1950,36018,5.662888888888798,0.35,-1
1951,36019,5.6666666666665755,0.35,-1
1952,36020,5.670444444444353,0.35,-1
1953,36021,5.674222222222131,0.35,-1
1954,36022,5.6779999999999085,0.35,-1
1955,36023,5.681777777777686,0.35,-1
1956,36024,5.685555555555464,0.35,-1
1957,36025,5.689333333333241,0.35,-1
1958,36026,5.693111111111019,0.35,-1
1959,36027,5.696888888888797,0.35,-1
1960,36028,5.700666666666574,0.35,-1
1961,36029,5.704444444444352,0.35,-1
1962,36030,5.70822222222213,0.35,-1
1963,36031,5.711999999999907,0.35,-1
1964,36032,5.715777777777685,0.35,-1
1965,36033,5.719555555555463,0.35,-1
1966,36034,5.72333333333324,0.35,-1
1967,36035,5.727111111111018,0.35,-1
1968,36036,5.730888888888796,0.35,-1
1969,36037,5.734666666666573,0.35,-1
1970,36038,5.738444444444351,0.35,-1
1971,36039,5.742222222222129,0.35,-1
1972,36040,5.745999999999906,0.35,-1
1973,36041,5.749777777777684,0.35,-1
1974,36042,5.753555555555462,0.35,-1
1975,36043,5.757333333333239,0.35,-1
1976,36044,5.761111111111017,0.35,-1
1977,36045,5.764888888888795,0.35,-1
1978,36046,5.768666666666572,0.35,-1
1979,36047,5.77244444444435,0.35,-1
1980,36048,5.7762222222221276,0.35,-1
1981,36049,5.779999999999905,0.35,-1
1982,36050,5.783777777777683,0.35,-1
1983,36051,5.7875555555554605,0.35,-1
1984,36052,5.791333333333238,0.35,-1
1985,36053,5.795111111111016,0.35,-1
1986,36054,5.795111111111016,0.3333333333333333,62049
1987,36055,5.795111111111016,0.3333333333333333,62049
1988,36056,5.795111111111016,0.3333333333333333,62049
1989,36057,5.795111111111016,0.3333333333333333,62049
1990,36058,5.795111111111016,0.3333333333333333,62049
1991,36059,5.795111111111016,0.3333333333333333,62049
1992,36060,5.795111111111016,0.3333333333333333,62049
1993,36061,5.795111111111016,0.3333333333333333,62049
1994,36062,5.795111111111016,0.3333333333333333,62049
1995,36063,5.795111111111016,0.3333333333333333,62049
1996,36064,5.795111111111016,0.3333333333333333,62049
1997,36065,5.795111111111016,0.3333333333333333,62049
1998,36066,5.795111111111016,0.3333333333333333,62049
1999,36067,5.795111111111016,0.3333333333333333,62049
2000,36068,5.795111111111016,0.3333333333333333,62049
2001,36069,5.795111111111016,0.3333333333333333,62049
2002,36070,5.795111111111016,0.3333333333333333,62049
2003,36071,5.795111111111016,0.3333333333333333,62049
2004,36072,5.795111111111016,0.3333333333333333,62049
2005,36073,5.795111111111016,0.3333333333333333,62049
2006,36074,5.795111111111016,0.3333333333333333,62049
2007,36075,5.795111111111016,0.3333333333333333,62049
2008,36076,5.795111111111016,0.3333333333333333,62049
2009,36077,5.795111111111016,0.3333333333333333,62049
2010,36078,5.795111111111016,0.3333333333333333,62049
2011,36079,5.795111111111016,0.3333333333333333,62049
2012,36080,5.795111111111016,0.3333333333333333,62049
2013,36081,5.795111111111016,0.3333333333333333,62049
2014,36082,5.795111111111016,0.3333333333333333,62049
2015,36083,5.795111111111016,0.3333333333333333,62049
2016,36084,5.795111111111016,0.3333333333333333,62049
2017,36085,5.795111111111016,0.3333333333333333,62049
2018,36086,5.795111111111016,0.3333333333333333,62049
2019,36087,5.795111111111016,0.3333333333333333,62049
2020,36088,5.795111111111016,0.3333333333333333,62049
2021,36089,5.795111111111016,0.3333333333333333,62049
2022,36090,5.795111111111016,0.3333333333333333,62049
2023,36091,5.795111111111016,0.3333333333333333,62049
2024,36092,5.7988888888887935,0.3333333333333333,-1
2025,36093,5.802666666666571,0.3333333333333333,-1
2026,36094,5.806444444444349,0.3333333333333333,-1
2027,36095,5.8102222222221265,0.3333333333333333,-1
2028,36096,5.813999999999904,0.3333333333333333,-1
2029,36097,5.817777777777682,0.3333333333333333,-1
2030,36098,5.8215555555554594,0.3333333333333333,-1
2031,36099,5.825333333333237,0.3333333333333333,-1
2032,36100,5.829111111111015,0.3333333333333333,-1
2033,36101,5.832888888888792,0.3333333333333333,-1
2034,36102,5.83666666666657,0.3333333333333333,-1
2035,36103,5.840444444444348,0.3333333333333333,-1
2036,36104,5.844222222222125,0.3333333333333333,-1
2037,36105,5.847999999999903,0.3333333333333333,-1
2038,36106,5.851777777777681,0.3333333333333333,-1
2039,36107,5.855555555555458,0.3333333333333333,-1
2040,36108,5.859333333333236,0.3333333333333333,-1
2041,36109,5.863111111111014,0.3333333333333333,-1
2042,36110,5.866888888888791,0.3333333333333333,-1
2043,36111,5.870666666666569,0.3333333333333333,-1
2044,36112,5.874444444444347,0.3333333333333333,-1
2045,36113,5.878222222222124,0.3333333333333333,-1
2046,36114,5.881999999999902,0.3333333333333333,-1
2047,36115,5.88577777777768,0.3333333333333333,-1
2048,36116,5.889555555555457,0.3333333333333333,-1
2049,36117,5.893333333333235,0.3333333333333333,-1
2050,36118,5.897111111111013,0.3333333333333333,-1
2051,36119,5.90088888888879,0.3333333333333333,-1
2052,36120,5.904666666666568,0.3333333333333333,-1
2053,36121,5.908444444444346,0.3333333333333333,-1
2054,36122,5.912222222222123,0.3333333333333333,-1
2055,36123,5.915999999999901,0.3333333333333333,-1
2056,36124,5.9197777777776786,0.3333333333333333,-1
2057,36125,5.923555555555456,0.3333333333333333,-1
2058,36126,5.927333333333234,0.3333333333333333,-1
2059,36127,5.9311111111110115,0.3333333333333333,-1
2060,36128,5.934888888888789,0.3333333333333333,-1
2061,36129,5.938666666666567,0.3333333333333333,-1
2062,36130,5.9424444444443445,0.3333333333333333,-1
2063,36131,5.946222222222122,0.3333333333333333,-1
2064,36132,5.9499999999999,0.3333333333333333,-1
2065,36133,5.9537777777776775,0.3333333333333333,-1
2066,36134,5.957555555555455,0.3333333333333333,-1
2067,36135,5.961333333333233,0.3333333333333333,-1
2068,36136,5.9651111111110104,0.3333333333333333,-1
2069,36137,5.968888888888788,0.3333333333333333,-1
2070,36138,5.972666666666566,0.3333333333333333,-1
2071,36139,5.976444444444343,0.3333333333333333,-1
2072,36140,5.980222222222121,0.3333333333333333,-1
2073,36141,5.983999999999899,0.3333333333333333,-1
2074,36142,5.987777777777676,0.3333333333333333,-1
2075,36143,5.991555555555454,0.3333333333333333,-1
2076,36144,5.995333333333232,0.3333333333333333,-1
2077,36145,5.995333333333232,0.3333333333333333,62039
2078,36146,5.995333333333232,0.3333333333333333,62039
2079,36147,5.995333333333232,0.3333333333333333,62039
2080,36148,5.995333333333232,0.3333333333333333,62039
2081,36149,5.995333333333232,0.3333333333333333,62039
2082,36150,5.995333333333232,0.3333333333333333,62039
2083,36151,5.995333333333232,0.3333333333333333,62039
2084,36152,5.995333333333232,0.3333333333333333,62039
2085,36153,5.995333333333232,0.3333333333333333,62039
2086,36154,5.995333333333232,0.3333333333333333,62039
2087,36155,5.995333333333232,0.3333333333333333,62039
2088,36156,5.995333333333232,0.3333333333333333,62039
2089,36157,5.995333333333232,0.3333333333333333,62039
2090,36158,5.995333333333232,0.3333333333333333,62039
2091,36159,5.995333333333232,0.3333333333333333,62039
2092,36160,5.995333333333232,0.3333333333333333,62039
2093,36161,5.995333333333232,0.3333333333333333,62039
2094,36162,5.995333333333232,0.3333333333333333,62039
2095,36163,5.995333333333232,0.3333333333333333,62039
2096,36164,5.995333333333232,0.3333333333333333,62039
2097,36165,5.995333333333232,0.3333333333333333,62039
2098,36166,5.995333333333232,0.3333333333333333,62039
2099,36167,5.995333333333232,0.3333333333333333,62039
2100,36168,5.995333333333232,0.3333333333333333,62039
2101,36169,5.995333333333232,0.3333333333333333,62039
2102,36170,5.995333333333232,0.3333333333333333,62039
2103,36171,5.995333333333232,0.3333333333333333,62039
2104,36172,5.995333333333232,0.3333333333333333,62039
2105,36173,5.995333333333232,0.3333333333333333,62039
2106,36174,5.995333333333232,0.3333333333333333,62039
2107,36175,5.995333333333232,0.3333333333333333,62039
2108,36176,5.995333333333232,0.3333333333333333,62039
2109,36177,5.995333333333232,0.3333333333333333,62039
2110,36178,5.995333333333232,0.3333333333333333,62039
2111,36179,5.995333333333232,0.3333333333333333,62039
2112,36180,5.995333333333232,0.3333333333333333,62039
2113,36181,5.999111111111009,0.3333333333333333,-1
2114,36182,6.002888888888787,0.3333333333333333,-1
2115,36183,6.006666666666565,0.3333333333333333,-1
2116,36184,6.010444444444342,0.3333333333333333,-1
2117,36185,6.01422222222212,0.3333333333333333,-1
2118,36186,6.017999999999898,0.3333333333333333,-1
2119,36187,6.021777777777675,0.3333333333333333,-1
2120,36188,6.025555555555453,0.3333333333333333,-1
2121,36189,6.029333333333231,0.3333333333333333,-1
2122,36190,6.033111111111008,0.3333333333333333,-1
2123,36191,6.036888888888786,0.3333333333333333,-1
2124,36192,6.040666666666564,0.3333333333333333,-1
2125,36193,6.044444444444341,0.3333333333333333,-1
2126,36194,6.048222222222119,0.3333333333333333,-1
2127,36195,6.051999999999897,0.3333333333333333,-1
2128,36196,6.055777777777674,0.3333333333333333,-1
2129,36197,6.059555555555452,0.3333333333333333,-1
2130,36198,6.0633333333332295,0.3333333333333333,-1
2131,36199,6.067111111111007,0.3333333333333333,-1
2132,36200,6.070888888888785,0.3333333333333333,-1
2133,36201,6.0746666666665625,0.3333333333333333,-1
2134,36202,6.07844444444434,0.3333333333333333,-1
2135,36203,6.082222222222118,0.3333333333333333,-1
2136,36204,6.0859999999998955,0.3333333333333333,-1
2137,36205,6.089777777777673,0.3333333333333333,-1
2138,36206,6.093555555555451,0.3333333333333333,-1
2139,36207,6.0973333333332285,0.3333333333333333,-1
2140,36208,6.101111111111006,0.3333333333333333,-1
2141,36209,6.104888888888784,0.3333333333333333,-1
2142,36210,6.108666666666561,0.3333333333333333,-1
2143,36211,6.112444444444339,0.3333333333333333,-1
2144,36212,6.116222222222117,0.3333333333333333,-1
2145,36213,6.119999999999894,0.3333333333333333,-1
2146,36214,6.123777777777672,0.3333333333333333,-1
2147,36215,6.12755555555545,0.3333333333333333,-1
2148,36216,6.131333333333227,0.3333333333333333,-1
2149,36217,6.135111111111005,0.3333333333333333,-1
2150,36218,6.138888888888783,0.3333333333333333,-1
2151,36219,6.14266666666656,0.3333333333333333,-1
2152,36220,6.146444444444338,0.3333333333333333,-1
2153,36221,6.150222222222116,0.3333333333333333,-1
2154,36222,6.153999999999893,0.3333333333333333,-1
2155,36223,6.157777777777671,0.3333333333333333,-1
2156,36224,6.161555555555449,0.3333333333333333,-1
2157,36225,6.165333333333226,0.3333333333333333,-1
2158,36226,6.169111111111004,0.3333333333333333,-1
2159,36227,6.172888888888782,0.3333333333333333,-1
2160,36228,6.176666666666559,0.3333333333333333,-1
2161,36229,6.180444444444337,0.3333333333333333,-1
2162,36230,6.184222222222115,0.3333333333333333,-1
2163,36231,6.187999999999892,0.3333333333333333,-1
2164,36232,6.19177777777767,0.3333333333333333,-1
2165,36233,6.195555555555448,0.3333333333333333,-1
2166,36234,6.199333333333225,0.3333333333333333,-1
2167,36235,6.203111111111003,0.3333333333333333,-1
2168,36236,6.2068888888887805,0.3333333333333333,-1
2169,36237,6.210666666666558,0.3333333333333333,-1
2170,36238,6.214444444444336,0.3333333333333333,-1
2171,36239,6.2182222222221135,0.3333333333333333,-1
2172,36240,6.221999999999891,0.3333333333333333,-1
2173,36241,6.225777777777669,0.3333333333333333,-1
2174,36242,6.2295555555554465,0.3333333333333333,-1
2175,36243,6.233333333333224,0.3333333333333333,-1
2176,36244,6.237111111111002,0.3333333333333333,-1
2177,36245,6.2408888888887795,0.3333333333333333,-1
2178,36246,6.244666666666557,0.3333333333333333,-1
2179,36247,6.248444444444335,0.3333333333333333,-1
2180,36248,6.252222222222112,0.3333333333333333,-1
2181,36249,6.25599999999989,0.3333333333333333,-1
2182,36250,6.259777777777668,0.3333333333333333,-1
2183,36251,6.263555555555445,0.3333333333333333,-1
2184,36252,6.267333333333223,0.3333333333333333,-1
2185,36253,6.271111111111001,0.3333333333333333,-1
2186,36254,6.274888888888778,0.3333333333333333,-1
2187,36255,6.278666666666556,0.3333333333333333,-1
2188,36256,6.282444444444334,0.3333333333333333,-1
2189,36257,6.286222222222111,0.3333333333333333,-1
2190,36258,6.289999999999889,0.3333333333333333,-1
2191,36259,6.293777777777667,0.3333333333333333,-1
2192,36260,6.297555555555444,0.3333333333333333,-1
2193,36261,6.301333333333222,0.3333333333333333,-1
2194,36262,6.305111111111,0.3333333333333333,-1
2195,36263,6.308888888888777,0.3333333333333333,-1
2196,36264,6.312666666666555,0.3333333333333333,-1
2197,36265,6.316444444444333,0.3333333333333333,-1
2198,36266,6.32022222222211,0.3333333333333333,-1
2199,36267,6.323999999999888,0.3333333333333333,-1
2200,36268,6.327777777777666,0.3333333333333333,-1
2201,36269,6.331555555555443,0.3333333333333333,-1
2202,36270,6.335333333333221,0.3333333333333333,-1
2203,36271,6.339111111110999,0.3333333333333333,-1
2204,36272,6.342888888888776,0.3333333333333333,-1
2205,36273,6.346666666666554,0.3333333333333333,-1
2206,36274,6.3504444444443315,0.3333333333333333,-1
2207,36275,6.354222222222109,0.3333333333333333,-1
2208,36276,6.357999999999887,0.3333333333333333,-1
2209,36277,6.3617777777776645,0.3333333333333333,-1
2210,36278,6.365555555555442,0.3333333333333333,-1
2211,36279,6.36933333333322,0.3333333333333333,-1
2212,36280,6.3731111111109975,0.3333333333333333,-1
2213,36281,6.376888888888775,0.3333333333333333,-1
2214,36282,6.380666666666553,0.3333333333333333,-1
2215,36283,6.3844444444443305,0.3333333333333333,-1
2216,36284,6.388222222222108,0.3333333333333333,-1
2217,36285,6.391999999999886,0.3333333333333333,-1
2218,36286,6.395777777777663,0.3333333333333333,-1
2219,36287,6.395777777777663,0.3333333333333333,62029
2220,36288,6.395777777777663,0.3333333333333333,62029
2221,36289,6.395777777777663,0.3333333333333333,62029
2222,36290,6.395777777777663,0.3333333333333333,62029
2223,36291,6.395777777777663,0.3333333333333333,62029
2224,36292,6.395777777777663,0.3333333333333333,62029
2225,36293,6.395777777777663,0.3333333333333333,62029
2226,36294,6.395777777777663,0.3333333333333333,62029
2227,36295,6.395777777777663,0.3333333333333333,62029
2228,36296,6.395777777777663,0.3333333333333333,62029
2229,36297,6.395777777777663,0.3333333333333333,62029
2230,36298,6.395777777777663,0.3333333333333333,62029
2231,36299,6.395777777777663,0.3333333333333333,62029
2232,36300,6.395777777777663,0.3333333333333333,62029
2233,36301,6.395777777777663,0.3333333333333333,62029
2234,36302,6.395777777777663,0.3333333333333333,62029
2235,36303,6.395777777777663,0.3333333333333333,62029
2236,36304,6.395777777777663,0.3333333333333333,62029
2237,36305,6.395777777777663,0.3333333333333333,62029
2238,36306,6.395777777777663,0.3333333333333333,62029
2239,36307,6.395777777777663,0.3333333333333333,62029
2240,36308,6.395777777777663,0.3333333333333333,62029
2241,36309,6.395777777777663,0.3333333333333333,62029
2242,36310,6.395777777777663,0.3333333333333333,62029
2243,36311,6.395777777777663,0.3333333333333333,62029
2244,36312,6.395777777777663,0.3333333333333333,62029
2245,36313,6.395777777777663,0.3333333333333333,62029
2246,36314,6.395777777777663,0.3333333333333333,62029
2247,36315,6.395777777777663,0.3333333333333333,62029
2248,36316,6.395777777777663,0.3333333333333333,62029
2249,36317,6.395777777777663,0.3333333333333333,62029
2250,36318,6.395777777777663,0.3333333333333333,62029
2251,36319,6.395777777777663,0.3333333333333333,62029
2252,36320,6.395777777777663,0.3333333333333333,62029
2253,36321,6.395777777777663,0.3333333333333333,62029
2254,36322,6.395777777777663,0.3333333333333333,62029
2255,36323,6.399555555555441,0.3333333333333333,-1
2256,36324,6.403333333333219,0.3333333333333333,-1
2257,36325,6.407111111110996,0.3333333333333333,-1
2258,36326,6.410888888888774,0.3333333333333333,-1
2259,36327,6.414666666666552,0.3333333333333333,-1
2260,36328,6.418444444444329,0.3333333333333333,-1
2261,36329,6.422222222222107,0.3333333333333333,-1
2262,36330,6.425999999999885,0.3333333333333333,-1
2263,36331,6.429777777777662,0.3333333333333333,-1
2264,36332,6.43355555555544,0.3333333333333333,-1
2265,36333,6.437333333333218,0.3333333333333333,-1
2266,36334,6.441111111110995,0.3333333333333333,-1
2267,36335,6.444888888888773,0.3333333333333333,-1
2268,36336,6.448666666666551,0.3333333333333333,-1
2269,36337,6.452444444444328,0.3333333333333333,-1
2270,36338,6.456222222222106,0.3333333333333333,-1
2271,36339,6.459999999999884,0.3333333333333333,-1
2272,36340,6.463777777777661,0.3333333333333333,-1
2273,36341,6.467555555555439,0.3333333333333333,-1
2274,36342,6.471333333333217,0.3333333333333333,-1
2275,36343,6.475111111110994,0.3333333333333333,-1
2276,36344,6.478888888888772,0.3333333333333333,-1
2277,36345,6.48266666666655,0.3333333333333333,-1
2278,36346,6.486444444444327,0.3333333333333333,-1
2279,36347,6.490222222222105,0.3333333333333333,-1
2280,36348,6.4939999999998825,0.3333333333333333,-1
2281,36349,6.49777777777766,0.3333333333333333,-1
2282,36350,6.501555555555438,0.3333333333333333,-1
2283,36351,6.5053333333332155,0.3333333333333333,-1
2284,36352,6.509111111110993,0.3333333333333333,-1
2285,36353,6.512888888888771,0.3333333333333333,-1
2286,36354,6.5166666666665485,0.3333333333333333,-1
2287,36355,6.520444444444326,0.3333333333333333,-1
2288,36356,6.524222222222104,0.3333333333333333,-1
2289,36357,6.5279999999998815,0.3333333333333333,-1
2290,36358,6.531777777777659,0.3333333333333333,-1
2291,36359,6.535555555555437,0.3333333333333333,-1
2292,36360,6.539333333333214,0.3333333333333333,-1
2293,36361,6.543111111110992,0.3333333333333333,-1
2294,36362,6.54688888888877,0.3333333333333333,-1
2295,36363,6.550666666666547,0.3333333333333333,-1
2296,36364,6.554444444444325,0.3333333333333333,-1
2297,36365,6.558222222222103,0.3333333333333333,-1
2298,36366,6.56199999999988,0.3333333333333333,-1
2299,36367,6.565777777777658,0.3333333333333333,-1
2300,36368,6.569555555555436,0.3333333333333333,-1
2301,36369,6.573333333333213,0.3333333333333333,-1
2302,36370,6.577111111110991,0.3333333333333333,-1
2303,36371,6.580888888888769,0.3333333333333333,-1
2304,36372,6.584666666666546,0.3333333333333333,-1
2305,36373,6.588444444444324,0.3333333333333333,-1
2306,36374,6.592222222222102,0.3333333333333333,-1
2307,36375,6.595999999999879,0.3333333333333333,-1
2308,36376,6.595999999999879,0.3333333333333333,62019
2309,36377,6.595999999999879,0.3333333333333333,62019
2310,36378,6.595999999999879,0.3333333333333333,62019
2311,36379,6.595999999999879,0.3333333333333333,62019
2312,36380,6.595999999999879,0.3333333333333333,62019
2313,36381,6.595999999999879,0.3333333333333333,62019
2314,36382,6.595999999999879,0.3333333333333333,62019
2315,36383,6.595999999999879,0.3333333333333333,62019
2316,36384,6.595999999999879,0.3333333333333333,62019
2317,36385,6.595999999999879,0.3333333333333333,62019
2318,36386,6.595999999999879,0.3333333333333333,62019
2319,36387,6.595999999999879,0.3333333333333333,62019
2320,36388,6.595999999999879,0.3333333333333333,62019
2321,36389,6.595999999999879,0.3333333333333333,62019
2322,36390,6.595999999999879,0.3333333333333333,62019
2323,36391,6.595999999999879,0.3333333333333333,62019
2324,36392,6.595999999999879,0.3333333333333333,62019
2325,36393,6.595999999999879,0.3333333333333333,62019
2326,36394,6.595999999999879,0.3333333333333333,62019
2327,36395,6.595999999999879,0.3333333333333333,62019
2328,36396,6.595999999999879,0.3333333333333333,62019
2329,36397,6.595999999999879,0.3333333333333333,62019
2330,36398,6.595999999999879,0.3333333333333333,62019
2331,36399,6.595999999999879,0.3333333333333333,62019
2332,36400,6.595999999999879,0.3333333333333333,62019
2333,36401,6.595999999999879,0.3333333333333333,62019
2334,36402,6.595999999999879,0.3333333333333333,62019
2335,36403,6.595999999999879,0.3333333333333333,62019
2336,36404,6.595999999999879,0.3333333333333333,62019
2337,36405,6.595999999999879,0.3333333333333333,62019
2338,36406,6.595999999999879,0.3333333333333333,62019
2339,36407,6.595999999999879,0.3333333333333333,62019
2340,36408,6.595999999999879,0.3333333333333333,62019
2341,36409,6.595999999999879,0.3333333333333333,62019
2342,36410,6.595999999999879,0.3333333333333333,62019
2343,36411,6.595999999999879,0.3333333333333333,62019
2344,36412,6.599777777777657,0.3333333333333333,-1
2345,36413,6.603555555555435,0.3333333333333333,-1
2346,36414,6.607333333333212,0.3333333333333333,-1
2347,36415,6.61111111111099,0.3333333333333333,-1
2348,36416,6.614888888888768,0.3333333333333333,-1
2349,36417,6.618666666666545,0.3333333333333333,-1
2350,36418,6.622444444444323,0.3333333333333333,-1
2351,36419,6.6262222222221006,0.3333333333333333,-1
2352,36420,6.629999999999878,0.3333333333333333,-1
2353,36421,6.633777777777656,0.3333333333333333,-1
2354,36422,6.6375555555554335,0.3333333333333333,-1
2355,36423,6.641333333333211,0.3333333333333333,-1
2356,36424,6.645111111110989,0.3333333333333333,-1
2357,36425,6.6488888888887665,0.3333333333333333,-1
2358,36426,6.652666666666544,0.3333333333333333,-1
2359,36427,6.656444444444322,0.3333333333333333,-1
2360,36428,6.6602222222220995,0.3333333333333333,-1
2361,36429,6.663999999999877,0.3333333333333333,-1
2362,36430,6.667777777777655,0.3333333333333333,-1
2363,36431,6.6715555555554324,0.3333333333333333,-1
2364,36432,6.67533333333321,0.3333333333333333,-1
2365,36433,6.679111111110988,0.3333333333333333,-1
2366,36434,6.682888888888765,0.3333333333333333,-1
2367,36435,6.686666666666543,0.3333333333333333,-1
2368,36436,6.690444444444321,0.3333333333333333,-1
2369,36437,6.694222222222098,0.3333333333333333,-1
2370,36438,6.697999999999876,0.3333333333333333,-1
2371,36439,6.701777777777654,0.3333333333333333,-1
2372,36440,6.705555555555431,0.3333333333333333,-1
2373,36441,6.709333333333209,0.3333333333333333,-1
2374,36442,6.713111111110987,0.3333333333333333,-1
2375,36443,6.716888888888764,0.3333333333333333,-1
2376,36444,6.720666666666542,0.3333333333333333,-1
2377,36445,6.72444444444432,0.3333333333333333,-1
2378,36446,6.728222222222097,0.3333333333333333,-1
2379,36447,6.731999999999875,0.3333333333333333,-1
2380,36448,6.735777777777653,0.3333333333333333,-1
2381,36449,6.73955555555543,0.3333333333333333,-1
2382,36450,6.743333333333208,0.3333333333333333,-1
2383,36451,6.747111111110986,0.3333333333333333,-1
2384,36452,6.750888888888763,0.3333333333333333,-1
2385,36453,6.754666666666541,0.3333333333333333,-1
2386,36454,6.758444444444319,0.3333333333333333,-1
2387,36455,6.762222222222096,0.3333333333333333,-1
2388,36456,6.765999999999874,0.3333333333333333,-1
2389,36457,6.7697777777776516,0.3333333333333333,-1
2390,36458,6.773555555555429,0.3333333333333333,-1
2391,36459,6.777333333333207,0.3333333333333333,-1
2392,36460,6.7811111111109845,0.3333333333333333,-1
2393,36461,6.784888888888762,0.3333333333333333,-1
2394,36462,6.78866666666654,0.3333333333333333,-1
2395,36463,6.7924444444443175,0.3333333333333333,-1
2396,36464,6.796222222222095,0.3333333333333333,-1
2397,36465,6.799999999999873,0.3333333333333333,-1
2398,36466,6.8037777777776505,0.3333333333333333,-1
2399,36467,6.807555555555428,0.3333333333333333,-1
2400,36468,6.811333333333206,0.3333333333333333,-1
2401,36469,6.815111111110983,0.3333333333333333,-1
2402,36470,6.818888888888761,0.3333333333333333,-1
2403,36471,6.822666666666539,0.3333333333333333,-1
2404,36472,6.826444444444316,0.3333333333333333,-1
2405,36473,6.830222222222094,0.3333333333333333,-1
2406,36474,6.833999999999872,0.3333333333333333,-1
2407,36475,6.837777777777649,0.3333333333333333,-1
2408,36476,6.841555555555427,0.3333333333333333,-1
2409,36477,6.845333333333205,0.3333333333333333,-1
2410,36478,6.849111111110982,0.3333333333333333,-1
2411,36479,6.85288888888876,0.3333333333333333,-1
2412,36480,6.856666666666538,0.3333333333333333,-1
2413,36481,6.860444444444315,0.3333333333333333,-1
2414,36482,6.864222222222093,0.3333333333333333,-1
2415,36483,6.867999999999871,0.3333333333333333,-1
2416,36484,6.871777777777648,0.3333333333333333,-1
2417,36485,6.875555555555426,0.3333333333333333,-1
2418,36486,6.879333333333204,0.3333333333333333,-1
2419,36487,6.883111111110981,0.3333333333333333,-1
2420,36488,6.886888888888759,0.3333333333333333,-1
2421,36489,6.890666666666537,0.3333333333333333,-1
2422,36490,6.894444444444314,0.3333333333333333,-1
2423,36491,6.898222222222092,0.3333333333333333,-1
2424,36492,6.898222222222092,0.31666666666666665,70309
2425,36493,6.898222222222092,0.31666666666666665,70309
2426,36494,6.898222222222092,0.31666666666666665,70309
2427,36495,6.898222222222092,0.31666666666666665,70309
2428,36496,6.898222222222092,0.31666666666666665,70309
2429,36497,6.898222222222092,0.31666666666666665,70309
2430,36498,6.898222222222092,0.31666666666666665,70309
2431,36499,6.898222222222092,0.31666666666666665,70309
2432,36500,6.898222222222092,0.31666666666666665,70309
2433,36501,6.898222222222092,0.31666666666666665,70309
2434,36502,6.898222222222092,0.31666666666666665,70309
2435,36503,6.898222222222092,0.31666666666666665,70309
2436,36504,6.898222222222092,0.31666666666666665,70309
2437,36505,6.898222222222092,0.31666666666666665,70309
2438,36506,6.898222222222092,0.31666666666666665,70309
2439,36507,6.898222222222092,0.31666666666666665,70309
2440,36508,6.898222222222092,0.31666666666666665,70309
2441,36509,6.898222222222092,0.31666666666666665,70309
2442,36510,6.898222222222092,0.31666666666666665,70309
2443,36511,6.898222222222092,0.31666666666666665,70309
2444,36512,6.898222222222092,0.31666666666666665,70309
2445,36513,6.898222222222092,0.31666666666666665,70309
2446,36514,6.898222222222092,0.31666666666666665,70309
2447,36515,6.898222222222092,0.31666666666666665,70309
2448,36516,6.898222222222092,0.31666666666666665,70309
2449,36517,6.898222222222092,0.31666666666666665,70309
2450,36518,6.898222222222092,0.31666666666666665,70309
2451,36519,6.898222222222092,0.31666666666666665,70309
2452,36520,6.898222222222092,0.31666666666666665,70309
2453,36521,6.898222222222092,0.31666666666666665,70309
2454,36522,6.898222222222092,0.31666666666666665,70309
2455,36523,6.898222222222092,0.31666666666666665,70309
2456,36524,6.898222222222092,0.31666666666666665,70309
2457,36525,6.90199999999987,0.31666666666666665,-1
2458,36526,6.905777777777647,0.31666666666666665,-1
2459,36527,6.909555555555425,0.31666666666666665,-1
2460,36528,6.9133333333332025,0.31666666666666665,-1
2461,36529,6.91711111111098,0.31666666666666665,-1
2462,36530,6.920888888888758,0.31666666666666665,-1
2463,36531,6.9246666666665355,0.31666666666666665,-1
2464,36532,6.928444444444313,0.31666666666666665,-1
2465,36533,6.932222222222091,0.31666666666666665,-1
2466,36534,6.9359999999998685,0.31666666666666665,-1
2467,36535,6.939777777777646,0.31666666666666665,-1
2468,36536,6.943555555555424,0.31666666666666665,-1
2469,36537,6.9473333333332015,0.31666666666666665,-1
2470,36538,6.951111111110979,0.31666666666666665,-1
2471,36539,6.954888888888757,0.31666666666666665,-1
2472,36540,6.958666666666534,0.31666666666666665,-1
2473,36541,6.962444444444312,0.31666666666666665,-1
2474,36542,6.96622222222209,0.31666666666666665,-1
2475,36543,6.969999999999867,0.31666666666666665,-1
2476,36544,6.973777777777645,0.31666666666666665,-1
2477,36545,6.977555555555423,0.31666666666666665,-1
2478,36546,6.9813333333332,0.31666666666666665,-1
2479,36547,6.985111111110978,0.31666666666666665,-1
2480,36548,6.988888888888756,0.31666666666666665,-1
2481,36549,6.992666666666533,0.31666666666666665,-1
2482,36550,6.996444444444311,0.31666666666666665,-1
2483,36551,7.000222222222089,0.31666666666666665,-1
2484,36552,7.003999999999866,0.31666666666666665,-1
2485,36553,7.007777777777644,0.31666666666666665,-1
2486,36554,7.011555555555422,0.31666666666666665,-1
2487,36555,7.015333333333199,0.31666666666666665,-1
2488,36556,7.019111111110977,0.31666666666666665,-1
2489,36557,7.022888888888755,0.31666666666666665,-1
2490,36558,7.026666666666532,0.31666666666666665,-1
2491,36559,7.03044444444431,0.31666666666666665,-1
2492,36560,7.034222222222088,0.31666666666666665,-1
2493,36561,7.037999999999865,0.31666666666666665,-1
2494,36562,7.041777777777643,0.31666666666666665,-1
2495,36563,7.045555555555421,0.31666666666666665,-1
2496,36564,7.049333333333198,0.31666666666666665,-1
2497,36565,7.053111111110976,0.31666666666666665,-1
2498,36566,7.0568888888887535,0.31666666666666665,-1
2499,36567,7.060666666666531,0.31666666666666665,-1
2500,36568,7.064444444444309,0.31666666666666665,-1
2501,36569,7.0682222222220865,0.31666666666666665,-1
2502,36570,7.071999999999864,0.31666666666666665,-1
2503,36571,7.075777777777642,0.31666666666666665,-1
2504,36572,7.0795555555554195,0.31666666666666665,-1
2505,36573,7.083333333333197,0.31666666666666665,-1
2506,36574,7.087111111110975,0.31666666666666665,-1
2507,36575,7.0908888888887525,0.31666666666666665,-1
2508,36576,7.09466666666653,0.31666666666666665,-1
2509,36577,7.09466666666653,0.3333333333333333,70299
2510,36578,7.09466666666653,0.3333333333333333,70299
2511,36579,7.09466666666653,0.3333333333333333,70299
2512,36580,7.09466666666653,0.3333333333333333,70299
2513,36581,7.09466666666653,0.3333333333333333,70299
2514,36582,7.09466666666653,0.3333333333333333,70299
2515,36583,7.09466666666653,0.3333333333333333,70299
2516,36584,7.09466666666653,0.3333333333333333,70299
2517,36585,7.09466666666653,0.3333333333333333,70299
2518,36586,7.09466666666653,0.3333333333333333,70299
2519,36587,7.09466666666653,0.3333333333333333,70299
2520,36588,7.09466666666653,0.3333333333333333,70299
2521,36589,7.09466666666653,0.3333333333333333,70299
2522,36590,7.09466666666653,0.3333333333333333,70299
2523,36591,7.09466666666653,0.3333333333333333,70299
2524,36592,7.09466666666653,0.3333333333333333,70299
2525,36593,7.09466666666653,0.3333333333333333,70299
2526,36594,7.09466666666653,0.3333333333333333,70299
2527,36595,7.09466666666653,0.3333333333333333,70299
2528,36596,7.09466666666653,0.3333333333333333,70299
2529,36597,7.09466666666653,0.3333333333333333,70299
2530,36598,7.09466666666653,0.3333333333333333,70299
2531,36599,7.09466666666653,0.3333333333333333,70299
2532,36600,7.09466666666653,0.3333333333333333,70299
2533,36601,7.09466666666653,0.3333333333333333,70299
2534,36602,7.09466666666653,0.3333333333333333,70299
2535,36603,7.09466666666653,0.3333333333333333,70299
2536,36604,7.09466666666653,0.3333333333333333,70299
2537,36605,7.09466666666653,0.3333333333333333,70299
2538,36606,7.09466666666653,0.3333333333333333,70299
2539,36607,7.09466666666653,0.3333333333333333,70299
2540,36608,7.09466666666653,0.3333333333333333,70299
2541,36609,7.098444444444308,0.3333333333333333,-1
2542,36610,7.102222222222085,0.3333333333333333,-1
2543,36611,7.105999999999863,0.3333333333333333,-1
2544,36612,7.109777777777641,0.3333333333333333,-1
2545,36613,7.113555555555418,0.3333333333333333,-1
2546,36614,7.117333333333196,0.3333333333333333,-1
2547,36615,7.121111111110974,0.3333333333333333,-1
2548,36616,7.124888888888751,0.3333333333333333,-1
2549,36617,7.128666666666529,0.3333333333333333,-1
2550,36618,7.132444444444307,0.3333333333333333,-1
2551,36619,7.136222222222084,0.3333333333333333,-1
2552,36620,7.139999999999862,0.3333333333333333,-1
2553,36621,7.14377777777764,0.3333333333333333,-1
2554,36622,7.147555555555417,0.3333333333333333,-1
2555,36623,7.151333333333195,0.3333333333333333,-1
2556,36624,7.155111111110973,0.3333333333333333,-1
2557,36625,7.15888888888875,0.3333333333333333,-1
2558,36626,7.162666666666528,0.3333333333333333,-1
2559,36627,7.166444444444306,0.3333333333333333,-1
2560,36628,7.170222222222083,0.3333333333333333,-1
2561,36629,7.173999999999861,0.3333333333333333,-1
2562,36630,7.177777777777639,0.3333333333333333,-1
2563,36631,7.181555555555416,0.3333333333333333,-1
2564,36632,7.185333333333194,0.3333333333333333,-1
2565,36633,7.189111111110972,0.3333333333333333,-1
2566,36634,7.192888888888749,0.3333333333333333,-1
2567,36635,7.196666666666527,0.3333333333333333,-1
2568,36636,7.2004444444443045,0.3333333333333333,-1
2569,36637,7.204222222222082,0.3333333333333333,-1
2570,36638,7.20799999999986,0.3333333333333333,-1
2571,36639,7.2117777777776375,0.3333333333333333,-1
2572,36640,7.215555555555415,0.3333333333333333,-1
2573,36641,7.219333333333193,0.3333333333333333,-1
2574,36642,7.2231111111109705,0.3333333333333333,-1
2575,36643,7.226888888888748,0.3333333333333333,-1
2576,36644,7.230666666666526,0.3333333333333333,-1
2577,36645,7.2344444444443035,0.3333333333333333,-1
2578,36646,7.238222222222081,0.3333333333333333,-1
2579,36647,7.241999999999859,0.3333333333333333,-1
2580,36648,7.245777777777636,0.3333333333333333,-1
2581,36649,7.249555555555414,0.3333333333333333,-1
2582,36650,7.253333333333192,0.3333333333333333,-1
2583,36651,7.257111111110969,0.3333333333333333,-1
2584,36652,7.260888888888747,0.3333333333333333,-1
2585,36653,7.264666666666525,0.3333333333333333,-1
2586,36654,7.268444444444302,0.3333333333333333,-1
2587,36655,7.27222222222208,0.3333333333333333,-1
2588,36656,7.275999999999858,0.3333333333333333,-1
2589,36657,7.279777777777635,0.3333333333333333,-1
2590,36658,7.283555555555413,0.3333333333333333,-1
2591,36659,7.287333333333191,0.3333333333333333,-1
2592,36660,7.291111111110968,0.3333333333333333,-1
2593,36661,7.294888888888746,0.3333333333333333,-1
2594,36662,7.298666666666524,0.3333333333333333,-1
2595,36663,7.302444444444301,0.3333333333333333,-1
2596,36664,7.306222222222079,0.3333333333333333,-1
2597,36665,7.309999999999857,0.3333333333333333,-1
2598,36666,7.313777777777634,0.3333333333333333,-1
2599,36667,7.317555555555412,0.3333333333333333,-1
2600,36668,7.32133333333319,0.3333333333333333,-1
2601,36669,7.325111111110967,0.3333333333333333,-1
2602,36670,7.328888888888745,0.3333333333333333,-1
2603,36671,7.332666666666523,0.3333333333333333,-1
2604,36672,7.3364444444443,0.3333333333333333,-1
2605,36673,7.340222222222078,0.3333333333333333,-1
2606,36674,7.3439999999998555,0.3333333333333333,-1
2607,36675,7.347777777777633,0.3333333333333333,-1
2608,36676,7.351555555555411,0.3333333333333333,-1
2609,36677,7.3553333333331885,0.3333333333333333,-1
2610,36678,7.359111111110966,0.3333333333333333,-1
2611,36679,7.362888888888744,0.3333333333333333,-1
2612,36680,7.3666666666665215,0.3333333333333333,-1
2613,36681,7.370444444444299,0.3333333333333333,-1
2614,36682,7.374222222222077,0.3333333333333333,-1
2615,36683,7.3779999999998545,0.3333333333333333,-1
2616,36684,7.381777777777632,0.3333333333333333,-1
2617,36685,7.38555555555541,0.3333333333333333,-1
2618,36686,7.389333333333187,0.3333333333333333,-1
2619,36687,7.393111111110965,0.3333333333333333,-1
2620,36688,7.396888888888743,0.3333333333333333,-1
2621,36689,7.396888888888743,0.3416666666666667,70289
2622,36690,7.396888888888743,0.3416666666666667,70289
2623,36691,7.396888888888743,0.3416666666666667,70289
2624,36692,7.396888888888743,0.3416666666666667,70289
2625,36693,7.396888888888743,0.3416666666666667,70289
2626,36694,7.396888888888743,0.3416666666666667,70289
2627,36695,7.396888888888743,0.3416666666666667,70289
2628,36696,7.396888888888743,0.3416666666666667,70289
2629,36697,7.396888888888743,0.3416666666666667,70289
2630,36698,7.396888888888743,0.3416666666666667,70289
2631,36699,7.396888888888743,0.3416666666666667,70289
2632,36700,7.396888888888743,0.3416666666666667,70289
2633,36701,7.396888888888743,0.3416666666666667,70289
2634,36702,7.396888888888743,0.3416666666666667,70289
2635,36703,7.396888888888743,0.3416666666666667,70289
2636,36704,7.396888888888743,0.3416666666666667,70289
2637,36705,7.396888888888743,0.3416666666666667,70289
2638,36706,7.396888888888743,0.3416666666666667,70289
2639,36707,7.396888888888743,0.3416666666666667,70289
2640,36708,7.396888888888743,0.3416666666666667,70289
2641,36709,7.396888888888743,0.3416666666666667,70289
2642,36710,7.396888888888743,0.3416666666666667,70289
2643,36711,7.396888888888743,0.3416666666666667,70289
2644,36712,7.396888888888743,0.3416666666666667,70289
2645,36713,7.396888888888743,0.3416666666666667,70289
2646,36714,7.396888888888743,0.3416666666666667,70289
2647,36715,7.396888888888743,0.3416666666666667,70289
2648,36716,7.396888888888743,0.3416666666666667,70289
2649,36717,7.396888888888743,0.3416666666666667,70289
2650,36718,7.396888888888743,0.3416666666666667,70289
2651,36719,7.396888888888743,0.3416666666666667,70289
2652,36720,7.396888888888743,0.3416666666666667,70289
2653,36721,7.40066666666652,0.3416666666666667,-1
2654,36722,7.404444444444298,0.3416666666666667,-1
2655,36723,7.408222222222076,0.3416666666666667,-1
2656,36724,7.411999999999853,0.3416666666666667,-1
2657,36725,7.415777777777631,0.3416666666666667,-1
2658,36726,7.419555555555409,0.3416666666666667,-1
2659,36727,7.423333333333186,0.3416666666666667,-1
2660,36728,7.427111111110964,0.3416666666666667,-1
2661,36729,7.430888888888742,0.3416666666666667,-1
2662,36730,7.434666666666519,0.3416666666666667,-1
2663,36731,7.438444444444297,0.3416666666666667,-1
2664,36732,7.442222222222075,0.3416666666666667,-1
2665,36733,7.445999999999852,0.3416666666666667,-1
2666,36734,7.44977777777763,0.3416666666666667,-1
2667,36735,7.453555555555408,0.3416666666666667,-1
2668,36736,7.457333333333185,0.3416666666666667,-1
2669,36737,7.461111111110963,0.3416666666666667,-1
2670,36738,7.464888888888741,0.3416666666666667,-1
2671,36739,7.468666666666518,0.3416666666666667,-1
2672,36740,7.472444444444296,0.3416666666666667,-1
2673,36741,7.4762222222220736,0.3416666666666667,-1
2674,36742,7.479999999999851,0.3416666666666667,-1
2675,36743,7.483777777777629,0.3416666666666667,-1
2676,36744,7.4875555555554065,0.3416666666666667,-1
2677,36745,7.491333333333184,0.3416666666666667,-1
2678,36746,7.495111111110962,0.3416666666666667,-1
2679,36747,7.4988888888887395,0.3416666666666667,-1
2680,36748,7.502666666666517,0.3416666666666667,-1
2681,36749,7.506444444444295,0.3416666666666667,-1
2682,36750,7.5102222222220725,0.3416666666666667,-1
2683,36751,7.51399999999985,0.3416666666666667,-1
2684,36752,7.517777777777628,0.3416666666666667,-1
2685,36753,7.5215555555554054,0.3416666666666667,-1
2686,36754,7.525333333333183,0.3416666666666667,-1
2687,36755,7.529111111110961,0.3416666666666667,-1
2688,36756,7.532888888888738,0.3416666666666667,-1
2689,36757,7.536666666666516,0.3416666666666667,-1
2690,36758,7.540444444444294,0.3416666666666667,-1
2691,36759,7.544222222222071,0.3416666666666667,-1
2692,36760,7.547999999999849,0.3416666666666667,-1
2693,36761,7.551777777777627,0.3416666666666667,-1
2694,36762,7.555555555555404,0.3416666666666667,-1
2695,36763,7.559333333333182,0.3416666666666667,-1
2696,36764,7.56311111111096,0.3416666666666667,-1
2697,36765,7.566888888888737,0.3416666666666667,-1
2698,36766,7.570666666666515,0.3416666666666667,-1
2699,36767,7.574444444444293,0.3416666666666667,-1
2700,36768,7.57822222222207,0.3416666666666667,-1
2701,36769,7.581999999999848,0.3416666666666667,-1
2702,36770,7.585777777777626,0.3416666666666667,-1
2703,36771,7.589555555555403,0.3416666666666667,-1
2704,36772,7.593333333333181,0.3416666666666667,-1
2705,36773,7.597111111110959,0.3416666666666667,-1
2706,36774,7.600888888888736,0.3416666666666667,-1
2707,36775,7.604666666666514,0.3416666666666667,-1
2708,36776,7.608444444444292,0.3416666666666667,-1
2709,36777,7.612222222222069,0.3416666666666667,-1
2710,36778,7.615999999999847,0.3416666666666667,-1
2711,36779,7.6197777777776246,0.3416666666666667,-1
2712,36780,7.623555555555402,0.3416666666666667,-1
2713,36781,7.62733333333318,0.3416666666666667,-1
2714,36782,7.6311111111109575,0.3416666666666667,-1
2715,36783,7.634888888888735,0.3416666666666667,-1
2716,36784,7.638666666666513,0.3416666666666667,-1
2717,36785,7.6424444444442905,0.3416666666666667,-1
2718,36786,7.646222222222068,0.3416666666666667,-1
2719,36787,7.649999999999846,0.3416666666666667,-1
2720,36788,7.6537777777776235,0.3416666666666667,-1
2721,36789,7.657555555555401,0.3416666666666667,-1
2722,36790,7.661333333333179,0.3416666666666667,-1
2723,36791,7.665111111110956,0.3416666666666667,-1
2724,36792,7.668888888888734,0.3416666666666667,-1
2725,36793,7.672666666666512,0.3416666666666667,-1
2726,36794,7.676444444444289,0.3416666666666667,-1
2727,36795,7.680222222222067,0.3416666666666667,-1
2728,36796,7.683999999999845,0.3416666666666667,-1
2729,36797,7.687777777777622,0.3416666666666667,-1
2730,36798,7.6915555555554,0.3416666666666667,-1
2731,36799,7.695333333333178,0.3416666666666667,-1
2732,36800,7.699111111110955,0.3416666666666667,-1
2733,36801,7.702888888888733,0.3416666666666667,-1
2734,36802,7.706666666666511,0.3416666666666667,-1
2735,36803,7.710444444444288,0.3416666666666667,-1
2736,36804,7.714222222222066,0.3416666666666667,-1
2737,36805,7.717999999999844,0.3416666666666667,-1
2738,36806,7.721777777777621,0.3416666666666667,-1
2739,36807,7.725555555555399,0.3416666666666667,-1
2740,36808,7.729333333333177,0.3416666666666667,-1
2741,36809,7.733111111110954,0.3416666666666667,-1
2742,36810,7.736888888888732,0.3416666666666667,-1
2743,36811,7.74066666666651,0.3416666666666667,-1
2744,36812,7.744444444444287,0.3416666666666667,-1
2745,36813,7.748222222222065,0.3416666666666667,-1
2746,36814,7.751999999999843,0.3416666666666667,-1
2747,36815,7.75577777777762,0.3416666666666667,-1
2748,36816,7.759555555555398,0.3416666666666667,-1
2749,36817,7.7633333333331755,0.3416666666666667,-1
2750,36818,7.767111111110953,0.3416666666666667,-1
2751,36819,7.770888888888731,0.3416666666666667,-1
2752,36820,7.7746666666665085,0.3416666666666667,-1
2753,36821,7.778444444444286,0.3416666666666667,-1
2754,36822,7.782222222222064,0.3416666666666667,-1
2755,36823,7.7859999999998415,0.3416666666666667,-1
2756,36824,7.789777777777619,0.3416666666666667,-1
2757,36825,7.793555555555397,0.3416666666666667,-1
2758,36826,7.7973333333331745,0.3416666666666667,-1
2759,36827,7.801111111110952,0.3416666666666667,-1
2760,36828,7.80488888888873,0.3416666666666667,-1
2761,36829,7.808666666666507,0.3416666666666667,-1
2762,36830,7.812444444444285,0.3416666666666667,-1
2763,36831,7.816222222222063,0.3416666666666667,-1
2764,36832,7.81999999999984,0.3416666666666667,-1
2765,36833,7.823777777777618,0.3416666666666667,-1
2766,36834,7.827555555555396,0.3416666666666667,-1
2767,36835,7.831333333333173,0.3416666666666667,-1
2768,36836,7.835111111110951,0.3416666666666667,-1
2769,36837,7.838888888888729,0.3416666666666667,-1
2770,36838,7.842666666666506,0.3416666666666667,-1
2771,36839,7.846444444444284,0.3416666666666667,-1
2772,36840,7.850222222222062,0.3416666666666667,-1
2773,36841,7.853999999999839,0.3416666666666667,-1
2774,36842,7.857777777777617,0.3416666666666667,-1
2775,36843,7.861555555555395,0.3416666666666667,-1
2776,36844,7.865333333333172,0.3416666666666667,-1
2777,36845,7.86911111111095,0.3416666666666667,-1
2778,36846,7.872888888888728,0.3416666666666667,-1
2779,36847,7.876666666666505,0.3416666666666667,-1
2780,36848,7.880444444444283,0.3416666666666667,-1
2781,36849,7.884222222222061,0.3416666666666667,-1
2782,36850,7.887999999999838,0.3416666666666667,-1
2783,36851,7.891777777777616,0.3416666666666667,-1
2784,36852,7.895555555555394,0.3416666666666667,-1
2785,36853,7.895555555555394,0.3416666666666667,70279
2786,36854,7.895555555555394,0.3416666666666667,70279
2787,36855,7.895555555555394,0.3416666666666667,70279
2788,36856,7.895555555555394,0.3416666666666667,70279
2789,36857,7.895555555555394,0.3416666666666667,70279
2790,36858,7.895555555555394,0.3416666666666667,70279
2791,36859,7.895555555555394,0.3416666666666667,70279
2792,36860,7.895555555555394,0.3416666666666667,70279
2793,36861,7.895555555555394,0.3416666666666667,70279
2794,36862,7.895555555555394,0.3416666666666667,70279
2795,36863,7.895555555555394,0.3416666666666667,70279
2796,36864,7.895555555555394,0.3416666666666667,70279
2797,36865,7.895555555555394,0.3416666666666667,70279
2798,36866,7.895555555555394,0.3416666666666667,70279
2799,36867,7.895555555555394,0.3416666666666667,70279
2800,36868,7.895555555555394,0.3416666666666667,70279
2801,36869,7.895555555555394,0.3416666666666667,70279
2802,36870,7.895555555555394,0.3416666666666667,70279
2803,36871,7.895555555555394,0.3416666666666667,70279
2804,36872,7.895555555555394,0.3416666666666667,70279
2805,36873,7.895555555555394,0.3416666666666667,70279
2806,36874,7.895555555555394,0.3416666666666667,70279
2807,36875,7.895555555555394,0.3416666666666667,70279
2808,36876,7.895555555555394,0.3416666666666667,70279
2809,36877,7.895555555555394,0.3416666666666667,70279
2810,36878,7.895555555555394,0.3416666666666667,70279
2811,36879,7.895555555555394,0.3416666666666667,70279
2812,36880,7.895555555555394,0.3416666666666667,70279
2813,36881,7.895555555555394,0.3416666666666667,70279
2814,36882,7.895555555555394,0.3416666666666667,70279
2815,36883,7.895555555555394,0.3416666666666667,70279
2816,36884,7.895555555555394,0.3416666666666667,70279
2817,36885,7.895555555555394,0.3416666666666667,70279
2818,36886,7.899333333333171,0.3416666666666667,-1
2819,36887,7.903111111110949,0.3416666666666667,-1
2820,36888,7.9068888888887265,0.3416666666666667,-1
2821,36889,7.910666666666504,0.3416666666666667,-1
2822,36890,7.914444444444282,0.3416666666666667,-1
2823,36891,7.9182222222220595,0.3416666666666667,-1
2824,36892,7.921999999999837,0.3416666666666667,-1
2825,36893,7.925777777777615,0.3416666666666667,-1
2826,36894,7.9295555555553925,0.3416666666666667,-1
2827,36895,7.93333333333317,0.3416666666666667,-1
2828,36896,7.937111111110948,0.3416666666666667,-1
2829,36897,7.9408888888887255,0.3416666666666667,-1
2830,36898,7.944666666666503,0.3416666666666667,-1
2831,36899,7.948444444444281,0.3416666666666667,-1
2832,36900,7.952222222222058,0.3416666666666667,-1
2833,36901,7.955999999999836,0.3416666666666667,-1
2834,36902,7.959777777777614,0.3416666666666667,-1
2835,36903,7.963555555555391,0.3416666666666667,-1
2836,36904,7.967333333333169,0.3416666666666667,-1
2837,36905,7.971111111110947,0.3416666666666667,-1
2838,36906,7.974888888888724,0.3416666666666667,-1
2839,36907,7.978666666666502,0.3416666666666667,-1
2840,36908,7.98244444444428,0.3416666666666667,-1
2841,36909,7.986222222222057,0.3416666666666667,-1
2842,36910,7.989999999999835,0.3416666666666667,-1
2843,36911,7.993777777777613,0.3416666666666667,-1
2844,36912,7.99755555555539,0.3416666666666667,-1
2845,36913,8.001333333333168,0.3416666666666667,-1
2846,36914,8.005111111110946,0.3416666666666667,-1
2847,36915,8.008888888888723,0.3416666666666667,-1
2848,36916,8.012666666666501,0.3416666666666667,-1
2849,36917,8.016444444444279,0.3416666666666667,-1
2850,36918,8.020222222222056,0.3416666666666667,-1
2851,36919,8.023999999999834,0.3416666666666667,-1
2852,36920,8.027777777777612,0.3416666666666667,-1
2853,36921,8.03155555555539,0.3416666666666667,-1
2854,36922,8.035333333333167,0.3416666666666667,-1
2855,36923,8.039111111110945,0.3416666666666667,-1
2856,36924,8.042888888888722,0.3416666666666667,-1
2857,36925,8.0466666666665,0.3416666666666667,-1
2858,36926,8.050444444444278,0.3416666666666667,-1
2859,36927,8.054222222222055,0.3416666666666667,-1
2860,36928,8.057999999999833,0.3416666666666667,-1
2861,36929,8.06177777777761,0.3416666666666667,-1
2862,36930,8.065555555555388,0.3416666666666667,-1
2863,36931,8.069333333333166,0.3416666666666667,-1
2864,36932,8.073111111110943,0.3416666666666667,-1
2865,36933,8.076888888888721,0.3416666666666667,-1
2866,36934,8.080666666666499,0.3416666666666667,-1
2867,36935,8.084444444444276,0.3416666666666667,-1
2868,36936,8.088222222222054,0.3416666666666667,-1
2869,36937,8.091999999999832,0.3416666666666667,-1
2870,36938,8.09577777777761,0.3416666666666667,-1
2871,36939,8.099555555555387,0.3416666666666667,-1
2872,36940,8.103333333333165,0.3416666666666667,-1
2873,36941,8.107111111110942,0.3416666666666667,-1
2874,36942,8.11088888888872,0.3416666666666667,-1
2875,36943,8.114666666666498,0.3416666666666667,-1
2876,36944,8.118444444444275,0.3416666666666667,-1
2877,36945,8.122222222222053,0.3416666666666667,-1
2878,36946,8.12599999999983,0.3416666666666667,-1
2879,36947,8.129777777777608,0.3416666666666667,-1
2880,36948,8.133555555555386,0.3416666666666667,-1
2881,36949,8.137333333333164,0.3416666666666667,-1
2882,36950,8.141111111110941,0.3416666666666667,-1
2883,36951,8.144888888888719,0.3416666666666667,-1
2884,36952,8.148666666666497,0.3416666666666667,-1
2885,36953,8.152444444444274,0.3416666666666667,-1
2886,36954,8.156222222222052,0.3416666666666667,-1
2887,36955,8.15999999999983,0.3416666666666667,-1
2888,36956,8.163777777777607,0.3416666666666667,-1
2889,36957,8.167555555555385,0.3416666666666667,-1
2890,36958,8.171333333333163,0.3416666666666667,-1
2891,36959,8.17511111111094,0.3416666666666667,-1
2892,36960,8.178888888888718,0.3416666666666667,-1
2893,36961,8.182666666666496,0.3416666666666667,-1
2894,36962,8.186444444444273,0.3416666666666667,-1
2895,36963,8.19022222222205,0.3416666666666667,-1
2896,36964,8.193999999999829,0.3416666666666667,-1
2897,36965,8.197777777777606,0.3416666666666667,-1
2898,36966,8.197777777777606,0.35,70269
2899,36967,8.197777777777606,0.35,70269
2900,36968,8.197777777777606,0.35,70269
2901,36969,8.197777777777606,0.35,70269
2902,36970,8.197777777777606,0.35,70269
2903,36971,8.197777777777606,0.35,70269
2904,36972,8.197777777777606,0.35,70269
2905,36973,8.197777777777606,0.35,70269
2906,36974,8.197777777777606,0.35,70269
2907,36975,8.197777777777606,0.35,70269
2908,36976,8.197777777777606,0.35,70269
2909,36977,8.197777777777606,0.35,70269
2910,36978,8.197777777777606,0.35,70269
2911,36979,8.197777777777606,0.35,70269
2912,36980,8.197777777777606,0.35,70269
2913,36981,8.197777777777606,0.35,70269
2914,36982,8.197777777777606,0.35,70269
2915,36983,8.197777777777606,0.35,70269
2916,36984,8.197777777777606,0.35,70269
2917,36985,8.197777777777606,0.35,70269
2918,36986,8.197777777777606,0.35,70269
2919,36987,8.197777777777606,0.35,70269
2920,36988,8.197777777777606,0.35,70269
2921,36989,8.197777777777606,0.35,70269
2922,36990,8.197777777777606,0.35,70269
2923,36991,8.197777777777606,0.35,70269
2924,36992,8.197777777777606,0.35,70269
2925,36993,8.197777777777606,0.35,70269
2926,36994,8.197777777777606,0.35,70269
2927,36995,8.197777777777606,0.35,70269
2928,36996,8.197777777777606,0.35,70269
2929,36997,8.201555555555384,0.35,-1
2930,36998,8.205333333333162,0.35,-1
2931,36999,8.20911111111094,0.35,-1
2932,37000,8.212888888888717,0.35,-1
2933,37001,8.216666666666494,0.35,-1
2934,37002,8.220444444444272,0.35,-1
2935,37003,8.22422222222205,0.35,-1
2936,37004,8.227999999999827,0.35,-1
2937,37005,8.231777777777605,0.35,-1
2938,37006,8.235555555555383,0.35,-1
2939,37007,8.23933333333316,0.35,-1
2940,37008,8.243111111110938,0.35,-1
2941,37009,8.246888888888716,0.35,-1
2942,37010,8.250666666666493,0.35,-1
2943,37011,8.254444444444271,0.35,-1
2944,37012,8.258222222222049,0.35,-1
2945,37013,8.261999999999826,0.35,-1
2946,37014,8.265777777777604,0.35,-1
2947,37015,8.269555555555382,0.35,-1
2948,37016,8.27333333333316,0.35,-1
2949,37017,8.277111111110937,0.35,-1
2950,37018,8.280888888888715,0.35,-1
2951,37019,8.284666666666492,0.35,-1
2952,37020,8.28844444444427,0.35,-1
2953,37021,8.292222222222048,0.35,-1
2954,37022,8.295999999999825,0.35,-1
2955,37023,8.299777777777603,0.35,-1
2956,37024,8.30355555555538,0.35,-1
2957,37025,8.307333333333158,0.35,-1
2958,37026,8.311111111110936,0.35,-1
2959,37027,8.314888888888714,0.35,-1
2960,37028,8.318666666666491,0.35,-1
2961,37029,8.322444444444269,0.35,-1
2962,37030,8.326222222222047,0.35,-1
2963,37031,8.329999999999824,0.35,-1
2964,37032,8.333777777777602,0.35,-1
2965,37033,8.33755555555538,0.35,-1
2966,37034,8.341333333333157,0.35,-1
2967,37035,8.345111111110935,0.35,-1
2968,37036,8.348888888888713,0.35,-1
2969,37037,8.35266666666649,0.35,-1
2970,37038,8.356444444444268,0.35,-1
2971,37039,8.360222222222045,0.35,-1
2972,37040,8.363999999999823,0.35,-1
2973,37041,8.3677777777776,0.35,-1
2974,37042,8.371555555555378,0.35,-1
2975,37043,8.375333333333156,0.35,-1
2976,37044,8.379111111110934,0.35,-1
2977,37045,8.382888888888711,0.35,-1
2978,37046,8.386666666666489,0.35,-1
2979,37047,8.390444444444267,0.35,-1
2980,37048,8.394222222222044,0.35,-1
2981,37049,8.397999999999822,0.35,-1
2982,37050,8.4017777777776,0.35,-1
2983,37051,8.405555555555377,0.35,-1
2984,37052,8.409333333333155,0.35,-1
2985,37053,8.413111111110933,0.35,-1
2986,37054,8.41688888888871,0.35,-1
2987,37055,8.420666666666488,0.35,-1
2988,37056,8.424444444444266,0.35,-1
2989,37057,8.428222222222043,0.35,-1
2990,37058,8.431999999999821,0.35,-1
2991,37059,8.435777777777599,0.35,-1
2992,37060,8.439555555555376,0.35,-1
2993,37061,8.443333333333154,0.35,-1
2994,37062,8.447111111110932,0.35,-1
2995,37063,8.45088888888871,0.35,-1
2996,37064,8.454666666666487,0.35,-1
2997,37065,8.458444444444265,0.35,-1
2998,37066,8.462222222222042,0.35,-1
2999,37067,8.46599999999982,0.35,-1
3000,37068,8.469777777777598,0.35,-1
3001,37069,8.473555555555375,0.35,-1
3002,37070,8.477333333333153,0.35,-1
3003,37071,8.48111111111093,0.35,-1
3004,37072,8.484888888888708,0.35,-1
3005,37073,8.488666666666486,0.35,-1
3006,37074,8.492444444444263,0.35,-1
3007,37075,8.496222222222041,0.35,-1
3008,37076,8.496222222222041,0.3333333333333333,71161
3009,37077,8.496222222222041,0.3333333333333333,71161
3010,37078,8.496222222222041,0.3333333333333333,71161
3011,37079,8.496222222222041,0.3333333333333333,71161
3012,37080,8.496222222222041,0.3333333333333333,71161
3013,37081,8.496222222222041,0.3333333333333333,71161
3014,37082,8.496222222222041,0.3333333333333333,71161
3015,37083,8.496222222222041,0.3333333333333333,71161
3016,37084,8.496222222222041,0.3333333333333333,71161
3017,37085,8.496222222222041,0.3333333333333333,71161
3018,37086,8.496222222222041,0.3333333333333333,71161
3019,37087,8.496222222222041,0.3333333333333333,71161
3020,37088,8.496222222222041,0.3333333333333333,71161
3021,37089,8.496222222222041,0.3333333333333333,71161
3022,37090,8.496222222222041,0.3333333333333333,71161
3023,37091,8.496222222222041,0.3333333333333333,71161
3024,37092,8.496222222222041,0.3333333333333333,71161
3025,37093,8.496222222222041,0.3333333333333333,71161
3026,37094,8.496222222222041,0.3333333333333333,71161
3027,37095,8.496222222222041,0.3333333333333333,71161
3028,37096,8.496222222222041,0.3333333333333333,71161
3029,37097,8.496222222222041,0.3333333333333333,71161
3030,37098,8.496222222222041,0.3333333333333333,71161
3031,37099,8.496222222222041,0.3333333333333333,71161
3032,37100,8.496222222222041,0.3333333333333333,71161
3033,37101,8.496222222222041,0.3333333333333333,71161
3034,37102,8.496222222222041,0.3333333333333333,71161
3035,37103,8.496222222222041,0.3333333333333333,71161
3036,37104,8.496222222222041,0.3333333333333333,71161
3037,37105,8.496222222222041,0.3333333333333333,71161
3038,37106,8.496222222222041,0.3333333333333333,71161
3039,37107,8.496222222222041,0.3333333333333333,71161
3040,37108,8.496222222222041,0.3333333333333333,71161
3041,37109,8.499999999999819,0.3333333333333333,-1
3042,37110,8.503777777777596,0.3333333333333333,-1
3043,37111,8.507555555555374,0.3333333333333333,-1
3044,37112,8.511333333333152,0.3333333333333333,-1
3045,37113,8.51511111111093,0.3333333333333333,-1
3046,37114,8.518888888888707,0.3333333333333333,-1
3047,37115,8.522666666666485,0.3333333333333333,-1
3048,37116,8.526444444444262,0.3333333333333333,-1
3049,37117,8.53022222222204,0.3333333333333333,-1
3050,37118,8.533999999999818,0.3333333333333333,-1
3051,37119,8.537777777777595,0.3333333333333333,-1
3052,37120,8.541555555555373,0.3333333333333333,-1
3053,37121,8.54533333333315,0.3333333333333333,-1
3054,37122,8.549111111110928,0.3333333333333333,-1
3055,37123,8.552888888888706,0.3333333333333333,-1
3056,37124,8.556666666666484,0.3333333333333333,-1
3057,37125,8.560444444444261,0.3333333333333333,-1
3058,37126,8.564222222222039,0.3333333333333333,-1
3059,37127,8.567999999999817,0.3333333333333333,-1
3060,37128,8.571777777777594,0.3333333333333333,-1
3061,37129,8.575555555555372,0.3333333333333333,-1
3062,37130,8.57933333333315,0.3333333333333333,-1
3063,37131,8.583111111110927,0.3333333333333333,-1
3064,37132,8.586888888888705,0.3333333333333333,-1
3065,37133,8.590666666666483,0.3333333333333333,-1
3066,37134,8.59444444444426,0.3333333333333333,-1
3067,37135,8.598222222222038,0.3333333333333333,-1
3068,37136,8.601999999999816,0.3333333333333333,-1
3069,37137,8.605777777777593,0.3333333333333333,-1
3070,37138,8.60955555555537,0.3333333333333333,-1
3071,37139,8.613333333333149,0.3333333333333333,-1
3072,37140,8.617111111110926,0.3333333333333333,-1
3073,37141,8.620888888888704,0.3333333333333333,-1
3074,37142,8.624666666666482,0.3333333333333333,-1
3075,37143,8.62844444444426,0.3333333333333333,-1
3076,37144,8.632222222222037,0.3333333333333333,-1
3077,37145,8.635999999999814,0.3333333333333333,-1
3078,37146,8.639777777777592,0.3333333333333333,-1
3079,37147,8.64355555555537,0.3333333333333333,-1
3080,37148,8.647333333333147,0.3333333333333333,-1
3081,37149,8.651111111110925,0.3333333333333333,-1
3082,37150,8.654888888888703,0.3333333333333333,-1
3083,37151,8.65866666666648,0.3333333333333333,-1
3084,37152,8.662444444444258,0.3333333333333333,-1
3085,37153,8.666222222222036,0.3333333333333333,-1
3086,37154,8.669999999999813,0.3333333333333333,-1
3087,37155,8.673777777777591,0.3333333333333333,-1
3088,37156,8.677555555555369,0.3333333333333333,-1
3089,37157,8.681333333333146,0.3333333333333333,-1
3090,37158,8.685111111110924,0.3333333333333333,-1
3091,37159,8.688888888888702,0.3333333333333333,-1
3092,37160,8.69266666666648,0.3333333333333333,-1
3093,37161,8.696444444444257,0.3333333333333333,-1
3094,37162,8.700222222222035,0.3333333333333333,-1
3095,37163,8.703999999999812,0.3333333333333333,-1
3096,37164,8.70777777777759,0.3333333333333333,-1
3097,37165,8.711555555555368,0.3333333333333333,-1
3098,37166,8.715333333333145,0.3333333333333333,-1
3099,37167,8.719111111110923,0.3333333333333333,-1
3100,37168,8.7228888888887,0.3333333333333333,-1
3101,37169,8.726666666666478,0.3333333333333333,-1
3102,37170,8.730444444444256,0.3333333333333333,-1
3103,37171,8.734222222222034,0.3333333333333333,-1
3104,37172,8.737999999999811,0.3333333333333333,-1
3105,37173,8.741777777777589,0.3333333333333333,-1
3106,37174,8.745555555555367,0.3333333333333333,-1
3107,37175,8.749333333333144,0.3333333333333333,-1
3108,37176,8.753111111110922,0.3333333333333333,-1
3109,37177,8.7568888888887,0.3333333333333333,-1
3110,37178,8.760666666666477,0.3333333333333333,-1
3111,37179,8.764444444444255,0.3333333333333333,-1
3112,37180,8.768222222222033,0.3333333333333333,-1
3113,37181,8.77199999999981,0.3333333333333333,-1
3114,37182,8.775777777777588,0.3333333333333333,-1
3115,37183,8.779555555555365,0.3333333333333333,-1
3116,37184,8.783333333333143,0.3333333333333333,-1
3117,37185,8.78711111111092,0.3333333333333333,-1
3118,37186,8.790888888888698,0.3333333333333333,-1
3119,37187,8.794666666666476,0.3333333333333333,-1
3120,37188,8.794666666666476,0.31666666666666665,71151
3121,37189,8.794666666666476,0.31666666666666665,71151
3122,37190,8.794666666666476,0.31666666666666665,71151
3123,37191,8.794666666666476,0.31666666666666665,71151
3124,37192,8.794666666666476,0.31666666666666665,71151
3125,37193,8.794666666666476,0.31666666666666665,71151
3126,37194,8.794666666666476,0.31666666666666665,71151
3127,37195,8.794666666666476,0.31666666666666665,71151
3128,37196,8.794666666666476,0.31666666666666665,71151
3129,37197,8.794666666666476,0.31666666666666665,71151
3130,37198,8.794666666666476,0.31666666666666665,71151
3131,37199,8.794666666666476,0.31666666666666665,71151
3132,37200,8.794666666666476,0.31666666666666665,71151
3133,37201,8.794666666666476,0.31666666666666665,71151
3134,37202,8.794666666666476,0.31666666666666665,71151
3135,37203,8.794666666666476,0.31666666666666665,71151
3136,37204,8.794666666666476,0.31666666666666665,71151
3137,37205,8.794666666666476,0.31666666666666665,71151
3138,37206,8.794666666666476,0.31666666666666665,71151
3139,37207,8.794666666666476,0.31666666666666665,71151
3140,37208,8.794666666666476,0.31666666666666665,71151
3141,37209,8.794666666666476,0.31666666666666665,71151
3142,37210,8.794666666666476,0.31666666666666665,71151
3143,37211,8.794666666666476,0.31666666666666665,71151
3144,37212,8.794666666666476,0.31666666666666665,71151
3145,37213,8.794666666666476,0.31666666666666665,71151
3146,37214,8.794666666666476,0.31666666666666665,71151
3147,37215,8.794666666666476,0.31666666666666665,71151
3148,37216,8.794666666666476,0.31666666666666665,71151
3149,37217,8.794666666666476,0.31666666666666665,71151
3150,37218,8.798444444444254,0.31666666666666665,-1
3151,37219,8.802222222222031,0.31666666666666665,-1
3152,37220,8.805999999999809,0.31666666666666665,-1
3153,37221,8.809777777777587,0.31666666666666665,-1
3154,37222,8.813555555555364,0.31666666666666665,-1
3155,37223,8.817333333333142,0.31666666666666665,-1
3156,37224,8.82111111111092,0.31666666666666665,-1
3157,37225,8.824888888888697,0.31666666666666665,-1
3158,37226,8.828666666666475,0.31666666666666665,-1
3159,37227,8.832444444444253,0.31666666666666665,-1
3160,37228,8.83622222222203,0.31666666666666665,-1
3161,37229,8.839999999999808,0.31666666666666665,-1
3162,37230,8.843777777777586,0.31666666666666665,-1
3163,37231,8.847555555555363,0.31666666666666665,-1
3164,37232,8.851333333333141,0.31666666666666665,-1
3165,37233,8.855111111110919,0.31666666666666665,-1
3166,37234,8.858888888888696,0.31666666666666665,-1
3167,37235,8.862666666666474,0.31666666666666665,-1
3168,37236,8.866444444444252,0.31666666666666665,-1
3169,37237,8.87022222222203,0.31666666666666665,-1
3170,37238,8.873999999999807,0.31666666666666665,-1
3171,37239,8.877777777777585,0.31666666666666665,-1
3172,37240,8.881555555555362,0.31666666666666665,-1
3173,37241,8.88533333333314,0.31666666666666665,-1
3174,37242,8.889111111110918,0.31666666666666665,-1
3175,37243,8.892888888888695,0.31666666666666665,-1
3176,37244,8.896666666666473,0.31666666666666665,-1
3177,37245,8.90044444444425,0.31666666666666665,-1
3178,37246,8.904222222222028,0.31666666666666665,-1
3179,37247,8.907999999999806,0.31666666666666665,-1
3180,37248,8.911777777777584,0.31666666666666665,-1
3181,37249,8.915555555555361,0.31666666666666665,-1
3182,37250,8.919333333333139,0.31666666666666665,-1
3183,37251,8.923111111110916,0.31666666666666665,-1
3184,37252,8.926888888888694,0.31666666666666665,-1
3185,37253,8.930666666666472,0.31666666666666665,-1
3186,37254,8.93444444444425,0.31666666666666665,-1
3187,37255,8.938222222222027,0.31666666666666665,-1
3188,37256,8.941999999999805,0.31666666666666665,-1
3189,37257,8.945777777777582,0.31666666666666665,-1
3190,37258,8.94955555555536,0.31666666666666665,-1
3191,37259,8.953333333333138,0.31666666666666665,-1
3192,37260,8.957111111110915,0.31666666666666665,-1
3193,37261,8.960888888888693,0.31666666666666665,-1
3194,37262,8.96466666666647,0.31666666666666665,-1
3195,37263,8.968444444444248,0.31666666666666665,-1
3196,37264,8.972222222222026,0.31666666666666665,-1
3197,37265,8.975999999999804,0.31666666666666665,-1
3198,37266,8.979777777777581,0.31666666666666665,-1
3199,37267,8.983555555555359,0.31666666666666665,-1
3200,37268,8.987333333333137,0.31666666666666665,-1
3201,37269,8.991111111110914,0.31666666666666665,-1
3202,37270,8.994888888888692,0.31666666666666665,-1
3203,37271,8.99866666666647,0.31666666666666665,-1
3204,37272,9.002444444444247,0.31666666666666665,-1
3205,37273,9.006222222222025,0.31666666666666665,-1
3206,37274,9.009999999999803,0.31666666666666665,-1
3207,37275,9.01377777777758,0.31666666666666665,-1
3208,37276,9.017555555555358,0.31666666666666665,-1
3209,37277,9.021333333333136,0.31666666666666665,-1
3210,37278,9.025111111110913,0.31666666666666665,-1
3211,37279,9.028888888888691,0.31666666666666665,-1
3212,37280,9.032666666666469,0.31666666666666665,-1
3213,37281,9.036444444444246,0.31666666666666665,-1
3214,37282,9.040222222222024,0.31666666666666665,-1
3215,37283,9.043999999999802,0.31666666666666665,-1
3216,37284,9.04777777777758,0.31666666666666665,-1
3217,37285,9.051555555555357,0.31666666666666665,-1
3218,37286,9.055333333333135,0.31666666666666665,-1
3219,37287,9.059111111110912,0.31666666666666665,-1
3220,37288,9.06288888888869,0.31666666666666665,-1
3221,37289,9.066666666666467,0.31666666666666665,-1
3222,37290,9.070444444444245,0.31666666666666665,-1
3223,37291,9.074222222222023,0.31666666666666665,-1
3224,37292,9.0779999999998,0.31666666666666665,-1
3225,37293,9.081777777777578,0.31666666666666665,-1
3226,37294,9.085555555555356,0.31666666666666665,-1
3227,37295,9.089333333333133,0.31666666666666665,-1
3228,37296,9.093111111110911,0.31666666666666665,-1
3229,37297,9.096888888888689,0.31666666666666665,-1
3230,37298,9.096888888888689,0.30833333333333335,71141
3231,37299,9.096888888888689,0.30833333333333335,71141
3232,37300,9.096888888888689,0.30833333333333335,71141
3233,37301,9.096888888888689,0.30833333333333335,71141
3234,37302,9.096888888888689,0.30833333333333335,71141
3235,37303,9.096888888888689,0.30833333333333335,71141
3236,37304,9.096888888888689,0.30833333333333335,71141
3237,37305,9.096888888888689,0.30833333333333335,71141
3238,37306,9.096888888888689,0.30833333333333335,71141
3239,37307,9.096888888888689,0.30833333333333335,71141
3240,37308,9.096888888888689,0.30833333333333335,71141
3241,37309,9.096888888888689,0.30833333333333335,71141
3242,37310,9.096888888888689,0.30833333333333335,71141
3243,37311,9.096888888888689,0.30833333333333335,71141
3244,37312,9.096888888888689,0.30833333333333335,71141
3245,37313,9.096888888888689,0.30833333333333335,71141
3246,37314,9.096888888888689,0.30833333333333335,71141
3247,37315,9.096888888888689,0.30833333333333335,71141
3248,37316,9.096888888888689,0.30833333333333335,71141
3249,37317,9.096888888888689,0.30833333333333335,71141
3250,37318,9.096888888888689,0.30833333333333335,71141
3251,37319,9.096888888888689,0.30833333333333335,71141
3252,37320,9.096888888888689,0.30833333333333335,71141
3253,37321,9.096888888888689,0.30833333333333335,71141
3254,37322,9.096888888888689,0.30833333333333335,71141
3255,37323,9.096888888888689,0.30833333333333335,71141
3256,37324,9.096888888888689,0.30833333333333335,71141
3257,37325,9.096888888888689,0.30833333333333335,71141
3258,37326,9.096888888888689,0.30833333333333335,71141
3259,37327,9.096888888888689,0.30833333333333335,71141
3260,37328,9.096888888888689,0.30833333333333335,71141
3261,37329,9.100666666666466,0.30833333333333335,-1
3262,37330,9.104444444444244,0.30833333333333335,-1
3263,37331,9.108222222222022,0.30833333333333335,-1
3264,37332,9.1119999999998,0.30833333333333335,-1
3265,37333,9.115777777777577,0.30833333333333335,-1
3266,37334,9.119555555555355,0.30833333333333335,-1
3267,37335,9.123333333333132,0.30833333333333335,-1
3268,37336,9.12711111111091,0.30833333333333335,-1
3269,37337,9.130888888888688,0.30833333333333335,-1
3270,37338,9.134666666666465,0.30833333333333335,-1
3271,37339,9.138444444444243,0.30833333333333335,-1
3272,37340,9.14222222222202,0.30833333333333335,-1
3273,37341,9.145999999999798,0.30833333333333335,-1
3274,37342,9.149777777777576,0.30833333333333335,-1
3275,37343,9.153555555555354,0.30833333333333335,-1
3276,37344,9.157333333333131,0.30833333333333335,-1
3277,37345,9.161111111110909,0.30833333333333335,-1
3278,37346,9.164888888888687,0.30833333333333335,-1
3279,37347,9.168666666666464,0.30833333333333335,-1
3280,37348,9.172444444444242,0.30833333333333335,-1
3281,37349,9.17622222222202,0.30833333333333335,-1
3282,37350,9.179999999999797,0.30833333333333335,-1
3283,37351,9.183777777777575,0.30833333333333335,-1
3284,37352,9.187555555555353,0.30833333333333335,-1
3285,37353,9.19133333333313,0.30833333333333335,-1
3286,37354,9.195111111110908,0.30833333333333335,-1
3287,37355,9.198888888888685,0.30833333333333335,-1
3288,37356,9.202666666666463,0.30833333333333335,-1
3289,37357,9.20644444444424,0.30833333333333335,-1
3290,37358,9.210222222222018,0.30833333333333335,-1
3291,37359,9.213999999999796,0.30833333333333335,-1
3292,37360,9.217777777777574,0.30833333333333335,-1
3293,37361,9.221555555555351,0.30833333333333335,-1
3294,37362,9.225333333333129,0.30833333333333335,-1
3295,37363,9.229111111110907,0.30833333333333335,-1
3296,37364,9.232888888888684,0.30833333333333335,-1
3297,37365,9.236666666666462,0.30833333333333335,-1
3298,37366,9.24044444444424,0.30833333333333335,-1
3299,37367,9.244222222222017,0.30833333333333335,-1
3300,37368,9.247999999999795,0.30833333333333335,-1
3301,37369,9.251777777777573,0.30833333333333335,-1
3302,37370,9.25555555555535,0.30833333333333335,-1
3303,37371,9.259333333333128,0.30833333333333335,-1
3304,37372,9.263111111110906,0.30833333333333335,-1
3305,37373,9.266888888888683,0.30833333333333335,-1
3306,37374,9.270666666666461,0.30833333333333335,-1
3307,37375,9.274444444444239,0.30833333333333335,-1
3308,37376,9.278222222222016,0.30833333333333335,-1
3309,37377,9.281999999999794,0.30833333333333335,-1
3310,37378,9.285777777777572,0.30833333333333335,-1
3311,37379,9.28955555555535,0.30833333333333335,-1
3312,37380,9.293333333333127,0.30833333333333335,-1
3313,37381,9.297111111110905,0.30833333333333335,-1
3314,37382,9.300888888888682,0.30833333333333335,-1
3315,37383,9.30466666666646,0.30833333333333335,-1
3316,37384,9.308444444444238,0.30833333333333335,-1
3317,37385,9.312222222222015,0.30833333333333335,-1
3318,37386,9.315999999999793,0.30833333333333335,-1
3319,37387,9.31977777777757,0.30833333333333335,-1
3320,37388,9.323555555555348,0.30833333333333335,-1
3321,37389,9.327333333333126,0.30833333333333335,-1
3322,37390,9.331111111110904,0.30833333333333335,-1
3323,37391,9.334888888888681,0.30833333333333335,-1
3324,37392,9.338666666666459,0.30833333333333335,-1
3325,37393,9.342444444444236,0.30833333333333335,-1
3326,37394,9.346222222222014,0.30833333333333335,-1
3327,37395,9.349999999999792,0.30833333333333335,-1
3328,37396,9.35377777777757,0.30833333333333335,-1
3329,37397,9.357555555555347,0.30833333333333335,-1
3330,37398,9.361333333333125,0.30833333333333335,-1
3331,37399,9.365111111110902,0.30833333333333335,-1
3332,37400,9.36888888888868,0.30833333333333335,-1
3333,37401,9.372666666666458,0.30833333333333335,-1
3334,37402,9.376444444444235,0.30833333333333335,-1
3335,37403,9.380222222222013,0.30833333333333335,-1
3336,37404,9.38399999999979,0.30833333333333335,-1
3337,37405,9.387777777777568,0.30833333333333335,-1
3338,37406,9.391555555555346,0.30833333333333335,-1
3339,37407,9.395333333333124,0.30833333333333335,-1
3340,37408,9.395333333333124,0.30833333333333335,71121
3341,37409,9.395333333333124,0.30833333333333335,71121
3342,37410,9.395333333333124,0.30833333333333335,71121
3343,37411,9.395333333333124,0.30833333333333335,71121
3344,37412,9.395333333333124,0.30833333333333335,71121
3345,37413,9.395333333333124,0.30833333333333335,71121
3346,37414,9.395333333333124,0.30833333333333335,71121
3347,37415,9.395333333333124,0.30833333333333335,71121
3348,37416,9.395333333333124,0.30833333333333335,71121
3349,37417,9.395333333333124,0.30833333333333335,71121
3350,37418,9.395333333333124,0.30833333333333335,71121
3351,37419,9.395333333333124,0.30833333333333335,71121
3352,37420,9.395333333333124,0.30833333333333335,71121
3353,37421,9.395333333333124,0.30833333333333335,71121
3354,37422,9.395333333333124,0.30833333333333335,71121
3355,37423,9.395333333333124,0.30833333333333335,71121
3356,37424,9.395333333333124,0.30833333333333335,71121
3357,37425,9.395333333333124,0.30833333333333335,71121
3358,37426,9.395333333333124,0.30833333333333335,71121
3359,37427,9.395333333333124,0.30833333333333335,71121
3360,37428,9.395333333333124,0.30833333333333335,71121
3361,37429,9.395333333333124,0.30833333333333335,71121
3362,37430,9.395333333333124,0.30833333333333335,71121
3363,37431,9.395333333333124,0.30833333333333335,71121
3364,37432,9.395333333333124,0.30833333333333335,71121
3365,37433,9.395333333333124,0.30833333333333335,71121
3366,37434,9.395333333333124,0.30833333333333335,71121
3367,37435,9.395333333333124,0.30833333333333335,71121
3368,37436,9.395333333333124,0.30833333333333335,71121
3369,37437,9.395333333333124,0.30833333333333335,71121
3370,37438,9.395333333333124,0.30833333333333335,71121
3371,37439,9.399111111110901,0.30833333333333335,-1
3372,37440,9.402888888888679,0.30833333333333335,-1
3373,37441,9.406666666666457,0.30833333333333335,-1
3374,37442,9.410444444444234,0.30833333333333335,-1
3375,37443,9.414222222222012,0.30833333333333335,-1
3376,37444,9.41799999999979,0.30833333333333335,-1
3377,37445,9.421777777777567,0.30833333333333335,-1
3378,37446,9.425555555555345,0.30833333333333335,-1
3379,37447,9.429333333333123,0.30833333333333335,-1
3380,37448,9.4331111111109,0.30833333333333335,-1
3381,37449,9.436888888888678,0.30833333333333335,-1
3382,37450,9.440666666666456,0.30833333333333335,-1
3383,37451,9.444444444444233,0.30833333333333335,-1
3384,37452,9.448222222222011,0.30833333333333335,-1
3385,37453,9.451999999999789,0.30833333333333335,-1
3386,37454,9.455777777777566,0.30833333333333335,-1
3387,37455,9.459555555555344,0.30833333333333335,-1
3388,37456,9.463333333333122,0.30833333333333335,-1
3389,37457,9.4671111111109,0.30833333333333335,-1
3390,37458,9.470888888888677,0.30833333333333335,-1
3391,37459,9.474666666666455,0.30833333333333335,-1
3392,37460,9.478444444444232,0.30833333333333335,-1
3393,37461,9.48222222222201,0.30833333333333335,-1
3394,37462,9.485999999999787,0.30833333333333335,-1
3395,37463,9.489777777777565,0.30833333333333335,-1
3396,37464,9.493555555555343,0.30833333333333335,-1
3397,37465,9.49733333333312,0.30833333333333335,-1
3398,37466,9.501111111110898,0.30833333333333335,-1
3399,37467,9.504888888888676,0.30833333333333335,-1
3400,37468,9.508666666666453,0.30833333333333335,-1
3401,37469,9.512444444444231,0.30833333333333335,-1
3402,37470,9.516222222222009,0.30833333333333335,-1
3403,37471,9.519999999999786,0.30833333333333335,-1
3404,37472,9.523777777777564,0.30833333333333335,-1
3405,37473,9.527555555555342,0.30833333333333335,-1
3406,37474,9.53133333333312,0.30833333333333335,-1
3407,37475,9.535111111110897,0.30833333333333335,-1
3408,37476,9.538888888888675,0.30833333333333335,-1
3409,37477,9.542666666666452,0.30833333333333335,-1
3410,37478,9.54644444444423,0.30833333333333335,-1
3411,37479,9.550222222222008,0.30833333333333335,-1
3412,37480,9.553999999999785,0.30833333333333335,-1
3413,37481,9.557777777777563,0.30833333333333335,-1
3414,37482,9.56155555555534,0.30833333333333335,-1
3415,37483,9.565333333333118,0.30833333333333335,-1
3416,37484,9.569111111110896,0.30833333333333335,-1
3417,37485,9.572888888888674,0.30833333333333335,-1
3418,37486,9.576666666666451,0.30833333333333335,-1
3419,37487,9.580444444444229,0.30833333333333335,-1
3420,37488,9.584222222222007,0.30833333333333335,-1
3421,37489,9.587999999999784,0.30833333333333335,-1
3422,37490,9.591777777777562,0.30833333333333335,-1
3423,37491,9.59555555555534,0.30833333333333335,-1
3424,37492,9.599333333333117,0.30833333333333335,-1
3425,37493,9.603111111110895,0.30833333333333335,-1
3426,37494,9.606888888888673,0.30833333333333335,-1
3427,37495,9.61066666666645,0.30833333333333335,-1
3428,37496,9.614444444444228,0.30833333333333335,-1
3429,37497,9.618222222222006,0.30833333333333335,-1
3430,37498,9.621999999999783,0.30833333333333335,-1
3431,37499,9.62577777777756,0.30833333333333335,-1
3432,37500,9.629555555555338,0.30833333333333335,-1
3433,37501,9.633333333333116,0.30833333333333335,-1
3434,37502,9.637111111110894,0.30833333333333335,-1
3435,37503,9.640888888888671,0.30833333333333335,-1
3436,37504,9.64466666666645,0.30833333333333335,-1
3437,37505,9.648444444444227,0.30833333333333335,-1
3438,37506,9.652222222222004,0.30833333333333335,-1
3439,37507,9.655999999999782,0.30833333333333335,-1
3440,37508,9.65977777777756,0.30833333333333335,-1
3441,37509,9.663555555555337,0.30833333333333335,-1
3442,37510,9.667333333333115,0.30833333333333335,-1
3443,37511,9.671111111110893,0.30833333333333335,-1
3444,37512,9.67488888888867,0.30833333333333335,-1
3445,37513,9.678666666666448,0.30833333333333335,-1
3446,37514,9.682444444444226,0.30833333333333335,-1
3447,37515,9.686222222222003,0.30833333333333335,-1
3448,37516,9.689999999999781,0.30833333333333335,-1
3449,37517,9.693777777777559,0.30833333333333335,-1
3450,37518,9.697555555555336,0.30833333333333335,-1
3451,37519,9.697555555555336,0.2916666666666667,71131
3452,37520,9.697555555555336,0.2916666666666667,71131
3453,37521,9.697555555555336,0.2916666666666667,71131
3454,37522,9.697555555555336,0.2916666666666667,71131
3455,37523,9.697555555555336,0.2916666666666667,71131
3456,37524,9.697555555555336,0.2916666666666667,71131
3457,37525,9.697555555555336,0.2916666666666667,71131
3458,37526,9.697555555555336,0.2916666666666667,71131
3459,37527,9.697555555555336,0.2916666666666667,71131
3460,37528,9.697555555555336,0.2916666666666667,71131
3461,37529,9.697555555555336,0.2916666666666667,71131
3462,37530,9.697555555555336,0.2916666666666667,71131
3463,37531,9.697555555555336,0.2916666666666667,71131
3464,37532,9.697555555555336,0.2916666666666667,71131
3465,37533,9.697555555555336,0.2916666666666667,71131
3466,37534,9.697555555555336,0.2916666666666667,71131
3467,37535,9.697555555555336,0.2916666666666667,71131
3468,37536,9.697555555555336,0.2916666666666667,71131
3469,37537,9.697555555555336,0.2916666666666667,71131
3470,37538,9.697555555555336,0.2916666666666667,71131
3471,37539,9.697555555555336,0.2916666666666667,71131
3472,37540,9.697555555555336,0.2916666666666667,71131
3473,37541,9.697555555555336,0.2916666666666667,71131
3474,37542,9.697555555555336,0.2916666666666667,71131
3475,37543,9.697555555555336,0.2916666666666667,71131
3476,37544,9.697555555555336,0.2916666666666667,71131
3477,37545,9.697555555555336,0.2916666666666667,71131
3478,37546,9.697555555555336,0.2916666666666667,71131
3479,37547,9.697555555555336,0.2916666666666667,71131
3480,37548,9.697555555555336,0.2916666666666667,71131
3481,37549,9.697555555555336,0.2916666666666667,71131
3482,37550,9.697555555555336,0.2916666666666667,71131
3483,37551,9.701333333333114,0.2916666666666667,-1
3484,37552,9.705111111110892,0.2916666666666667,-1
3485,37553,9.70888888888867,0.2916666666666667,-1
3486,37554,9.712666666666447,0.2916666666666667,-1
3487,37555,9.716444444444225,0.2916666666666667,-1
3488,37556,9.720222222222002,0.2916666666666667,-1
3489,37557,9.72399999999978,0.2916666666666667,-1
3490,37558,9.727777777777558,0.2916666666666667,-1
3491,37559,9.731555555555335,0.2916666666666667,-1
3492,37560,9.735333333333113,0.2916666666666667,-1
3493,37561,9.73911111111089,0.2916666666666667,-1
3494,37562,9.742888888888668,0.2916666666666667,-1
3495,37563,9.746666666666446,0.2916666666666667,-1
3496,37564,9.750444444444224,0.2916666666666667,-1
3497,37565,9.754222222222001,0.2916666666666667,-1
3498,37566,9.757999999999779,0.2916666666666667,-1
3499,37567,9.761777777777557,0.2916666666666667,-1
3500,37568,9.765555555555334,0.2916666666666667,-1
3501,37569,9.769333333333112,0.2916666666666667,-1
3502,37570,9.77311111111089,0.2916666666666667,-1
3503,37571,9.776888888888667,0.2916666666666667,-1
3504,37572,9.780666666666445,0.2916666666666667,-1
3505,37573,9.784444444444222,0.2916666666666667,-1
3506,37574,9.788222222222,0.2916666666666667,-1
3507,37575,9.791999999999778,0.2916666666666667,-1
3508,37576,9.795777777777555,0.2916666666666667,-1
3509,37577,9.799555555555333,0.2916666666666667,-1
3510,37578,9.80333333333311,0.2916666666666667,-1
3511,37579,9.807111111110888,0.2916666666666667,-1
3512,37580,9.810888888888666,0.2916666666666667,-1
3513,37581,9.814666666666444,0.2916666666666667,-1
3514,37582,9.818444444444221,0.2916666666666667,-1
3515,37583,9.822222222221999,0.2916666666666667,-1
3516,37584,9.825999999999777,0.2916666666666667,-1
3517,37585,9.829777777777554,0.2916666666666667,-1
3518,37586,9.833555555555332,0.2916666666666667,-1
3519,37587,9.83733333333311,0.2916666666666667,-1
3520,37588,9.841111111110887,0.2916666666666667,-1
3521,37589,9.844888888888665,0.2916666666666667,-1
3522,37590,9.848666666666443,0.2916666666666667,-1
3523,37591,9.85244444444422,0.2916666666666667,-1
3524,37592,9.856222222221998,0.2916666666666667,-1
3525,37593,9.859999999999776,0.2916666666666667,-1
3526,37594,9.863777777777553,0.2916666666666667,-1
3527,37595,9.867555555555331,0.2916666666666667,-1
3528,37596,9.871333333333109,0.2916666666666667,-1
3529,37597,9.875111111110886,0.2916666666666667,-1
3530,37598,9.878888888888664,0.2916666666666667,-1
3531,37599,9.882666666666442,0.2916666666666667,-1
3532,37600,9.88644444444422,0.2916666666666667,-1
3533,37601,9.890222222221997,0.2916666666666667,-1
3534,37602,9.893999999999775,0.2916666666666667,-1
3535,37603,9.897777777777552,0.2916666666666667,-1
3536,37604,9.90155555555533,0.2916666666666667,-1
3537,37605,9.905333333333108,0.2916666666666667,-1
3538,37606,9.909111111110885,0.2916666666666667,-1
3539,37607,9.912888888888663,0.2916666666666667,-1
3540,37608,9.91666666666644,0.2916666666666667,-1
3541,37609,9.920444444444218,0.2916666666666667,-1
3542,37610,9.924222222221996,0.2916666666666667,-1
3543,37611,9.927999999999773,0.2916666666666667,-1
3544,37612,9.931777777777551,0.2916666666666667,-1
3545,37613,9.935555555555329,0.2916666666666667,-1
3546,37614,9.939333333333106,0.2916666666666667,-1
3547,37615,9.943111111110884,0.2916666666666667,-1
3548,37616,9.946888888888662,0.2916666666666667,-1
3549,37617,9.95066666666644,0.2916666666666667,-1
3550,37618,9.954444444444217,0.2916666666666667,-1
3551,37619,9.958222222221995,0.2916666666666667,-1
3552,37620,9.961999999999772,0.2916666666666667,-1
3553,37621,9.96577777777755,0.2916666666666667,-1
3554,37622,9.969555555555328,0.2916666666666667,-1
3555,37623,9.973333333333105,0.2916666666666667,-1
3556,37624,9.977111111110883,0.2916666666666667,-1
3557,37625,9.98088888888866,0.2916666666666667,-1
3558,37626,9.984666666666438,0.2916666666666667,-1
3559,37627,9.988444444444216,0.2916666666666667,-1
3560,37628,9.992222222221994,0.2916666666666667,-1
3561,37629,9.995999999999771,0.2916666666666667,-1
3562,37630,9.999777777777549,0.2916666666666667,-1
3563,37631,10.003555555555327,0.2916666666666667,-1
3564,37632,10.007333333333104,0.2916666666666667,-1
3565,37633,10.011111111110882,0.2916666666666667,-1
3566,37634,10.01488888888866,0.2916666666666667,-1
3567,37635,10.018666666666437,0.2916666666666667,-1
3568,37636,10.022444444444215,0.2916666666666667,-1
3569,37637,10.026222222221993,0.2916666666666667,-1
3570,37638,10.02999999999977,0.2916666666666667,-1
3571,37639,10.033777777777548,0.2916666666666667,-1
3572,37640,10.037555555555326,0.2916666666666667,-1
3573,37641,10.041333333333103,0.2916666666666667,-1
3574,37642,10.04511111111088,0.2916666666666667,-1
3575,37643,10.048888888888658,0.2916666666666667,-1
3576,37644,10.052666666666436,0.2916666666666667,-1
3577,37645,10.056444444444214,0.2916666666666667,-1
3578,37646,10.060222222221991,0.2916666666666667,-1
3579,37647,10.06399999999977,0.2916666666666667,-1
3580,37648,10.067777777777547,0.2916666666666667,-1
3581,37649,10.071555555555324,0.2916666666666667,-1
3582,37650,10.075333333333102,0.2916666666666667,-1
3583,37651,10.07911111111088,0.2916666666666667,-1
3584,37652,10.082888888888657,0.2916666666666667,-1
3585,37653,10.086666666666435,0.2916666666666667,-1
3586,37654,10.090444444444213,0.2916666666666667,-1
3587,37655,10.09422222222199,0.2916666666666667,-1
3588,37656,10.097999999999768,0.2916666666666667,-1
3589,37657,10.101777777777546,0.2916666666666667,-1
3590,37658,10.105555555555323,0.2916666666666667,-1
3591,37659,10.109333333333101,0.2916666666666667,-1
3592,37660,10.113111111110879,0.2916666666666667,-1
3593,37661,10.116888888888656,0.2916666666666667,-1
3594,37662,10.120666666666434,0.2916666666666667,-1
3595,37663,10.124444444444212,0.2916666666666667,-1
3596,37664,10.12822222222199,0.2916666666666667,-1
3597,37665,10.131999999999767,0.2916666666666667,-1
3598,37666,10.135777777777545,0.2916666666666667,-1
3599,37667,10.139555555555322,0.2916666666666667,-1
3600,37668,10.1433333333331,0.2916666666666667,-1
3601,37669,10.147111111110878,0.2916666666666667,-1
3602,37670,10.150888888888655,0.2916666666666667,-1
3603,37671,10.154666666666433,0.2916666666666667,-1
3604,37672,10.15844444444421,0.2916666666666667,-1
3605,37673,10.162222222221988,0.2916666666666667,-1
3606,37674,10.165999999999766,0.2916666666666667,-1
3607,37675,10.169777777777544,0.2916666666666667,-1
3608,37676,10.173555555555321,0.2916666666666667,-1
3609,37677,10.177333333333099,0.2916666666666667,-1
3610,37678,10.181111111110877,0.2916666666666667,-1
3611,37679,10.184888888888654,0.2916666666666667,-1
3612,37680,10.188666666666432,0.2916666666666667,-1
3613,37681,10.19244444444421,0.2916666666666667,-1
3614,37682,10.196222222221987,0.2916666666666667,-1
3615,37683,10.199999999999765,0.2916666666666667,-1
3616,37684,10.203777777777542,0.2916666666666667,-1
3617,37685,10.20755555555532,0.2916666666666667,-1
3618,37686,10.211333333333098,0.2916666666666667,-1
3619,37687,10.215111111110875,0.2916666666666667,-1
3620,37688,10.218888888888653,0.2916666666666667,-1
3621,37689,10.22266666666643,0.2916666666666667,-1
3622,37690,10.226444444444208,0.2916666666666667,-1
3623,37691,10.230222222221986,0.2916666666666667,-1
3624,37692,10.233999999999764,0.2916666666666667,-1
3625,37693,10.237777777777541,0.2916666666666667,-1
3626,37694,10.241555555555319,0.2916666666666667,-1
3627,37695,10.245333333333097,0.2916666666666667,-1
3628,37696,10.249111111110874,0.2916666666666667,-1
3629,37697,10.252888888888652,0.2916666666666667,-1
3630,37698,10.25666666666643,0.2916666666666667,-1
3631,37699,10.260444444444207,0.2916666666666667,-1
3632,37700,10.264222222221985,0.2916666666666667,-1
3633,37701,10.267999999999763,0.2916666666666667,-1
3634,37702,10.27177777777754,0.2916666666666667,-1
3635,37703,10.275555555555318,0.2916666666666667,-1
3636,37704,10.279333333333096,0.2916666666666667,-1
3637,37705,10.283111111110873,0.2916666666666667,-1
3638,37706,10.286888888888651,0.2916666666666667,-1
3639,37707,10.290666666666429,0.2916666666666667,-1
3640,37708,10.294444444444206,0.2916666666666667,-1
3641,37709,10.298222222221984,0.2916666666666667,-1
3642,37710,10.298222222221984,0.25833333333333336,71091
3643,37711,10.298222222221984,0.25833333333333336,71091
3644,37712,10.298222222221984,0.25833333333333336,71091
3645,37713,10.298222222221984,0.25833333333333336,71091
3646,37714,10.298222222221984,0.25833333333333336,71091
3647,37715,10.298222222221984,0.25833333333333336,71091
3648,37716,10.298222222221984,0.25833333333333336,71091
3649,37717,10.298222222221984,0.25833333333333336,71091
3650,37718,10.298222222221984,0.25833333333333336,71091
3651,37719,10.298222222221984,0.25833333333333336,71091
3652,37720,10.298222222221984,0.25833333333333336,71091
3653,37721,10.298222222221984,0.25833333333333336,71091
3654,37722,10.298222222221984,0.25833333333333336,71091
3655,37723,10.298222222221984,0.25833333333333336,71091
3656,37724,10.298222222221984,0.25833333333333336,71091
3657,37725,10.298222222221984,0.25833333333333336,71091
3658,37726,10.298222222221984,0.25833333333333336,71091
3659,37727,10.298222222221984,0.25833333333333336,71091
3660,37728,10.298222222221984,0.25833333333333336,71091
3661,37729,10.298222222221984,0.25833333333333336,71091
3662,37730,10.298222222221984,0.25833333333333336,71091
3663,37731,10.298222222221984,0.25833333333333336,71091
3664,37732,10.298222222221984,0.25833333333333336,71091
3665,37733,10.298222222221984,0.25833333333333336,71091
3666,37734,10.298222222221984,0.25833333333333336,71091
3667,37735,10.298222222221984,0.25833333333333336,71091
3668,37736,10.298222222221984,0.25833333333333336,71091
3669,37737,10.298222222221984,0.25833333333333336,71091
3670,37738,10.298222222221984,0.25833333333333336,71091
3671,37739,10.298222222221984,0.25833333333333336,71091
3672,37740,10.298222222221984,0.25833333333333336,71091
3673,37741,10.301999999999762,0.25833333333333336,-1
3674,37742,10.30577777777754,0.25833333333333336,-1
3675,37743,10.309555555555317,0.25833333333333336,-1
3676,37744,10.313333333333095,0.25833333333333336,-1
3677,37745,10.317111111110872,0.25833333333333336,-1
3678,37746,10.32088888888865,0.25833333333333336,-1
3679,37747,10.324666666666428,0.25833333333333336,-1
3680,37748,10.328444444444205,0.25833333333333336,-1
3681,37749,10.332222222221983,0.25833333333333336,-1
3682,37750,10.33599999999976,0.25833333333333336,-1
3683,37751,10.339777777777538,0.25833333333333336,-1
3684,37752,10.343555555555316,0.25833333333333336,-1
3685,37753,10.347333333333093,0.25833333333333336,-1
3686,37754,10.351111111110871,0.25833333333333336,-1
3687,37755,10.354888888888649,0.25833333333333336,-1
3688,37756,10.358666666666426,0.25833333333333336,-1
3689,37757,10.362444444444204,0.25833333333333336,-1
3690,37758,10.366222222221982,0.25833333333333336,-1
3691,37759,10.36999999999976,0.25833333333333336,-1
3692,37760,10.373777777777537,0.25833333333333336,-1
3693,37761,10.377555555555315,0.25833333333333336,-1
3694,37762,10.381333333333092,0.25833333333333336,-1
3695,37763,10.38511111111087,0.25833333333333336,-1
3696,37764,10.388888888888648,0.25833333333333336,-1
3697,37765,10.392666666666425,0.25833333333333336,-1
3698,37766,10.396444444444203,0.25833333333333336,-1
3699,37767,10.40022222222198,0.25833333333333336,-1
3700,37768,10.403999999999758,0.25833333333333336,-1
3701,37769,10.407777777777536,0.25833333333333336,-1
3702,37770,10.411555555555314,0.25833333333333336,-1
3703,37771,10.415333333333091,0.25833333333333336,-1
3704,37772,10.419111111110869,0.25833333333333336,-1
3705,37773,10.422888888888647,0.25833333333333336,-1
3706,37774,10.426666666666424,0.25833333333333336,-1
3707,37775,10.430444444444202,0.25833333333333336,-1
3708,37776,10.43422222222198,0.25833333333333336,-1
3709,37777,10.437999999999757,0.25833333333333336,-1
3710,37778,10.441777777777535,0.25833333333333336,-1
3711,37779,10.445555555555313,0.25833333333333336,-1
3712,37780,10.44933333333309,0.25833333333333336,-1
3713,37781,10.453111111110868,0.25833333333333336,-1
3714,37782,10.456888888888646,0.25833333333333336,-1
3715,37783,10.460666666666423,0.25833333333333336,-1
3716,37784,10.4644444444442,0.25833333333333336,-1
3717,37785,10.468222222221979,0.25833333333333336,-1
3718,37786,10.471999999999756,0.25833333333333336,-1
3719,37787,10.475777777777534,0.25833333333333336,-1
3720,37788,10.479555555555311,0.25833333333333336,-1
3721,37789,10.48333333333309,0.25833333333333336,-1
3722,37790,10.487111111110867,0.25833333333333336,-1
3723,37791,10.490888888888644,0.25833333333333336,-1
3724,37792,10.494666666666422,0.25833333333333336,-1
3725,37793,10.4984444444442,0.25833333333333336,-1
3726,37794,10.502222222221977,0.25833333333333336,-1
3727,37795,10.505999999999755,0.25833333333333336,-1
3728,37796,10.509777777777533,0.25833333333333336,-1
3729,37797,10.51355555555531,0.25833333333333336,-1
3730,37798,10.517333333333088,0.25833333333333336,-1
3731,37799,10.521111111110866,0.25833333333333336,-1
3732,37800,10.524888888888643,0.25833333333333336,-1
3733,37801,10.528666666666421,0.25833333333333336,-1
3734,37802,10.532444444444199,0.25833333333333336,-1
3735,37803,10.536222222221976,0.25833333333333336,-1
3736,37804,10.539999999999754,0.25833333333333336,-1
3737,37805,10.543777777777532,0.25833333333333336,-1
3738,37806,10.54755555555531,0.25833333333333336,-1
3739,37807,10.551333333333087,0.25833333333333336,-1
3740,37808,10.555111111110865,0.25833333333333336,-1
3741,37809,10.558888888888642,0.25833333333333336,-1
3742,37810,10.56266666666642,0.25833333333333336,-1
3743,37811,10.566444444444198,0.25833333333333336,-1
3744,37812,10.570222222221975,0.25833333333333336,-1
3745,37813,10.573999999999753,0.25833333333333336,-1
3746,37814,10.57777777777753,0.25833333333333336,-1
3747,37815,10.581555555555308,0.25833333333333336,-1
3748,37816,10.585333333333086,0.25833333333333336,-1
3749,37817,10.589111111110864,0.25833333333333336,-1
3750,37818,10.592888888888641,0.25833333333333336,-1
3751,37819,10.596666666666419,0.25833333333333336,-1
3752,37820,10.600444444444197,0.25833333333333336,-1
3753,37821,10.604222222221974,0.25833333333333336,-1
3754,37822,10.607999999999752,0.25833333333333336,-1
3755,37823,10.61177777777753,0.25833333333333336,-1
3756,37824,10.615555555555307,0.25833333333333336,-1
3757,37825,10.619333333333085,0.25833333333333336,-1
3758,37826,10.623111111110862,0.25833333333333336,-1
3759,37827,10.62688888888864,0.25833333333333336,-1
3760,37828,10.630666666666418,0.25833333333333336,-1
3761,37829,10.634444444444195,0.25833333333333336,-1
3762,37830,10.638222222221973,0.25833333333333336,-1
3763,37831,10.64199999999975,0.25833333333333336,-1
3764,37832,10.645777777777528,0.25833333333333336,-1
3765,37833,10.649555555555306,0.25833333333333336,-1
3766,37834,10.653333333333084,0.25833333333333336,-1
3767,37835,10.657111111110861,0.25833333333333336,-1
3768,37836,10.660888888888639,0.25833333333333336,-1
3769,37837,10.664666666666417,0.25833333333333336,-1
3770,37838,10.668444444444194,0.25833333333333336,-1
3771,37839,10.672222222221972,0.25833333333333336,-1
3772,37840,10.67599999999975,0.25833333333333336,-1
3773,37841,10.679777777777527,0.25833333333333336,-1
3774,37842,10.683555555555305,0.25833333333333336,-1
3775,37843,10.687333333333083,0.25833333333333336,-1
3776,37844,10.69111111111086,0.25833333333333336,-1
3777,37845,10.694888888888638,0.25833333333333336,-1
3778,37846,10.694888888888638,0.325,72021
3779,37847,10.694888888888638,0.325,72021
3780,37848,10.694888888888638,0.325,72021
3781,37849,10.694888888888638,0.325,72021
3782,37850,10.694888888888638,0.325,72021
3783,37851,10.694888888888638,0.325,72021
3784,37852,10.694888888888638,0.325,72021
3785,37853,10.694888888888638,0.325,72021
3786,37854,10.694888888888638,0.325,72021
3787,37855,10.694888888888638,0.325,72021
3788,37856,10.694888888888638,0.325,72021
3789,37857,10.694888888888638,0.325,72021
3790,37858,10.694888888888638,0.325,72021
3791,37859,10.694888888888638,0.325,72021
3792,37860,10.694888888888638,0.325,72021
3793,37861,10.694888888888638,0.325,72021
3794,37862,10.694888888888638,0.325,72021
3795,37863,10.694888888888638,0.325,72021
3796,37864,10.694888888888638,0.325,72021
3797,37865,10.694888888888638,0.325,72021
3798,37866,10.694888888888638,0.325,72021
3799,37867,10.694888888888638,0.325,72021
3800,37868,10.694888888888638,0.325,72021
3801,37869,10.694888888888638,0.325,72021
3802,37870,10.694888888888638,0.325,72021
3803,37871,10.694888888888638,0.325,72021
3804,37872,10.694888888888638,0.325,72021
3805,37873,10.694888888888638,0.325,72021
3806,37874,10.694888888888638,0.325,72021
3807,37875,10.694888888888638,0.325,72021
3808,37876,10.694888888888638,0.325,72021
3809,37877,10.694888888888638,0.325,72021
3810,37878,10.698666666666416,0.325,-1
3811,37879,10.702444444444193,0.325,-1
3812,37880,10.706222222221971,0.325,-1
3813,37881,10.709999999999749,0.325,-1
3814,37882,10.713777777777526,0.325,-1
3815,37883,10.717555555555304,0.325,-1
3816,37884,10.721333333333082,0.325,-1
3817,37885,10.72511111111086,0.325,-1
3818,37886,10.728888888888637,0.325,-1
3819,37887,10.732666666666415,0.325,-1
3820,37888,10.736444444444192,0.325,-1
3821,37889,10.74022222222197,0.325,-1
3822,37890,10.743999999999748,0.325,-1
3823,37891,10.747777777777525,0.325,-1
3824,37892,10.751555555555303,0.325,-1
3825,37893,10.75533333333308,0.325,-1
3826,37894,10.759111111110858,0.325,-1
3827,37895,10.762888888888636,0.325,-1
3828,37896,10.766666666666413,0.325,-1
3829,37897,10.770444444444191,0.325,-1
3830,37898,10.774222222221969,0.325,-1
3831,37899,10.777999999999746,0.325,-1
3832,37900,10.781777777777524,0.325,-1
3833,37901,10.785555555555302,0.325,-1
3834,37902,10.78933333333308,0.325,-1
3835,37903,10.793111111110857,0.325,-1
3836,37904,10.796888888888635,0.325,-1
3837,37905,10.800666666666412,0.325,-1
3838,37906,10.80444444444419,0.325,-1
3839,37907,10.808222222221968,0.325,-1
3840,37908,10.811999999999745,0.325,-1
3841,37909,10.815777777777523,0.325,-1
3842,37910,10.8195555555553,0.325,-1
3843,37911,10.823333333333078,0.325,-1
3844,37912,10.827111111110856,0.325,-1
3845,37913,10.830888888888634,0.325,-1
3846,37914,10.834666666666411,0.325,-1
3847,37915,10.838444444444189,0.325,-1
3848,37916,10.842222222221967,0.325,-1
3849,37917,10.845999999999744,0.325,-1
3850,37918,10.849777777777522,0.325,-1
3851,37919,10.8535555555553,0.325,-1
3852,37920,10.857333333333077,0.325,-1
3853,37921,10.861111111110855,0.325,-1
3854,37922,10.864888888888633,0.325,-1
3855,37923,10.86866666666641,0.325,-1
3856,37924,10.872444444444188,0.325,-1
3857,37925,10.876222222221966,0.325,-1
3858,37926,10.879999999999743,0.325,-1
3859,37927,10.88377777777752,0.325,-1
3860,37928,10.887555555555299,0.325,-1
3861,37929,10.891333333333076,0.325,-1
3862,37930,10.895111111110854,0.325,-1
3863,37931,10.898888888888631,0.325,-1
3864,37932,10.90266666666641,0.325,-1
3865,37933,10.906444444444187,0.325,-1
3866,37934,10.910222222221964,0.325,-1
3867,37935,10.913999999999742,0.325,-1
3868,37936,10.91777777777752,0.325,-1
3869,37937,10.921555555555297,0.325,-1
3870,37938,10.925333333333075,0.325,-1
3871,37939,10.929111111110853,0.325,-1
3872,37940,10.93288888888863,0.325,-1
3873,37941,10.936666666666408,0.325,-1
3874,37942,10.940444444444186,0.325,-1
3875,37943,10.944222222221963,0.325,-1
3876,37944,10.947999999999741,0.325,-1
3877,37945,10.951777777777519,0.325,-1
3878,37946,10.955555555555296,0.325,-1
3879,37947,10.959333333333074,0.325,-1
3880,37948,10.963111111110852,0.325,-1
3881,37949,10.96688888888863,0.325,-1
3882,37950,10.970666666666407,0.325,-1
3883,37951,10.974444444444185,0.325,-1
3884,37952,10.978222222221962,0.325,-1
3885,37953,10.98199999999974,0.325,-1
3886,37954,10.985777777777518,0.325,-1
3887,37955,10.989555555555295,0.325,-1
3888,37956,10.993333333333073,0.325,-1
3889,37957,10.99711111111085,0.325,-1
3890,37958,11.000888888888628,0.325,-1
3891,37959,11.004666666666406,0.325,-1
3892,37960,11.008444444444184,0.325,-1
3893,37961,11.012222222221961,0.325,-1
3894,37962,11.015999999999739,0.325,-1
3895,37963,11.019777777777517,0.325,-1
3896,37964,11.023555555555294,0.325,-1
3897,37965,11.027333333333072,0.325,-1
3898,37966,11.03111111111085,0.325,-1
3899,37967,11.034888888888627,0.325,-1
3900,37968,11.038666666666405,0.325,-1
3901,37969,11.042444444444182,0.325,-1
3902,37970,11.04622222222196,0.325,-1
3903,37971,11.049999999999738,0.325,-1
3904,37972,11.053777777777515,0.325,-1
3905,37973,11.057555555555293,0.325,-1
3906,37974,11.06133333333307,0.325,-1
3907,37975,11.065111111110848,0.325,-1
3908,37976,11.068888888888626,0.325,-1
3909,37977,11.072666666666404,0.325,-1
3910,37978,11.076444444444181,0.325,-1
3911,37979,11.080222222221959,0.325,-1
3912,37980,11.083999999999737,0.325,-1
3913,37981,11.087777777777514,0.325,-1
3914,37982,11.091555555555292,0.325,-1
3915,37983,11.09533333333307,0.325,-1
3916,37984,11.099111111110847,0.325,-1
3917,37985,11.102888888888625,0.325,-1
3918,37986,11.106666666666403,0.325,-1
3919,37987,11.11044444444418,0.325,-1
3920,37988,11.114222222221958,0.325,-1
3921,37989,11.117999999999736,0.325,-1
3922,37990,11.121777777777513,0.325,-1
3923,37991,11.125555555555291,0.325,-1
3924,37992,11.129333333333069,0.325,-1
3925,37993,11.133111111110846,0.325,-1
3926,37994,11.136888888888624,0.325,-1
3927,37995,11.140666666666402,0.325,-1
3928,37996,11.14444444444418,0.325,-1
3929,37997,11.148222222221957,0.325,-1
3930,37998,11.151999999999735,0.325,-1
3931,37999,11.155777777777512,0.325,-1
3932,38000,11.15955555555529,0.325,-1
3933,38001,11.163333333333068,0.325,-1
3934,38002,11.167111111110845,0.325,-1
3935,38003,11.170888888888623,0.325,-1
3936,38004,11.1746666666664,0.325,-1
3937,38005,11.178444444444178,0.325,-1
3938,38006,11.182222222221956,0.325,-1
3939,38007,11.185999999999733,0.325,-1
3940,38008,11.189777777777511,0.325,-1
3941,38009,11.193555555555289,0.325,-1
3942,38010,11.197333333333066,0.325,-1
3943,38011,11.197333333333066,0.4083333333333333,72061
3944,38012,11.197333333333066,0.4083333333333333,72061
3945,38013,11.197333333333066,0.4083333333333333,72061
3946,38014,11.197333333333066,0.4083333333333333,72061
3947,38015,11.197333333333066,0.4083333333333333,72061
3948,38016,11.197333333333066,0.4083333333333333,72061
3949,38017,11.197333333333066,0.4083333333333333,72061
3950,38018,11.197333333333066,0.4083333333333333,72061
3951,38019,11.197333333333066,0.4083333333333333,72061
3952,38020,11.197333333333066,0.4083333333333333,72061
3953,38021,11.197333333333066,0.4083333333333333,72061
3954,38022,11.197333333333066,0.4083333333333333,72061
3955,38023,11.197333333333066,0.4083333333333333,72061
3956,38024,11.197333333333066,0.4083333333333333,72061
3957,38025,11.197333333333066,0.4083333333333333,72061
3958,38026,11.197333333333066,0.4083333333333333,72061
3959,38027,11.197333333333066,0.4083333333333333,72061
3960,38028,11.197333333333066,0.4083333333333333,72061
3961,38029,11.197333333333066,0.4083333333333333,72061
3962,38030,11.197333333333066,0.4083333333333333,72061
3963,38031,11.197333333333066,0.4083333333333333,72061
3964,38032,11.197333333333066,0.4083333333333333,72061
3965,38033,11.197333333333066,0.4083333333333333,72061
3966,38034,11.197333333333066,0.4083333333333333,72061
3967,38035,11.197333333333066,0.4083333333333333,72061
3968,38036,11.197333333333066,0.4083333333333333,72061
3969,38037,11.197333333333066,0.4083333333333333,72061
3970,38038,11.197333333333066,0.4083333333333333,72061
3971,38039,11.197333333333066,0.4083333333333333,72061
3972,38040,11.197333333333066,0.4083333333333333,72061
3973,38041,11.197333333333066,0.4083333333333333,72061
3974,38042,11.197333333333066,0.4083333333333333,72061
3975,38043,11.197333333333066,0.4083333333333333,72061
3976,38044,11.197333333333066,0.4083333333333333,72061
3977,38045,11.197333333333066,0.4083333333333333,72061
3978,38046,11.197333333333066,0.4083333333333333,72061
3979,38047,11.197333333333066,0.4083333333333333,72061
3980,38048,11.201111111110844,0.4083333333333333,-1
3981,38049,11.204888888888622,0.4083333333333333,-1
3982,38050,11.2086666666664,0.4083333333333333,-1
3983,38051,11.212444444444177,0.4083333333333333,-1
3984,38052,11.216222222221955,0.4083333333333333,-1
3985,38053,11.219999999999732,0.4083333333333333,-1
3986,38054,11.22377777777751,0.4083333333333333,-1
3987,38055,11.227555555555288,0.4083333333333333,-1
3988,38056,11.231333333333065,0.4083333333333333,-1
3989,38057,11.235111111110843,0.4083333333333333,-1
3990,38058,11.23888888888862,0.4083333333333333,-1
3991,38059,11.242666666666398,0.4083333333333333,-1
3992,38060,11.246444444444176,0.4083333333333333,-1
3993,38061,11.250222222221954,0.4083333333333333,-1
3994,38062,11.253999999999731,0.4083333333333333,-1
3995,38063,11.257777777777509,0.4083333333333333,-1
3996,38064,11.261555555555287,0.4083333333333333,-1
3997,38065,11.265333333333064,0.4083333333333333,-1
3998,38066,11.269111111110842,0.4083333333333333,-1
3999,38067,11.27288888888862,0.4083333333333333,-1
4000,38068,11.276666666666397,0.4083333333333333,-1
4001,38069,11.280444444444175,0.4083333333333333,-1
4002,38070,11.284222222221953,0.4083333333333333,-1
4003,38071,11.28799999999973,0.4083333333333333,-1
4004,38072,11.291777777777508,0.4083333333333333,-1
4005,38073,11.295555555555286,0.4083333333333333,-1
4006,38074,11.299333333333063,0.4083333333333333,-1
4007,38075,11.30311111111084,0.4083333333333333,-1
4008,38076,11.306888888888619,0.4083333333333333,-1
4009,38077,11.310666666666396,0.4083333333333333,-1
4010,38078,11.314444444444174,0.4083333333333333,-1
4011,38079,11.318222222221952,0.4083333333333333,-1
4012,38080,11.32199999999973,0.4083333333333333,-1
4013,38081,11.325777777777507,0.4083333333333333,-1
4014,38082,11.329555555555284,0.4083333333333333,-1
4015,38083,11.333333333333062,0.4083333333333333,-1
4016,38084,11.33711111111084,0.4083333333333333,-1
4017,38085,11.340888888888617,0.4083333333333333,-1
4018,38086,11.344666666666395,0.4083333333333333,-1
4019,38087,11.348444444444173,0.4083333333333333,-1
4020,38088,11.35222222222195,0.4083333333333333,-1
4021,38089,11.355999999999728,0.4083333333333333,-1
4022,38090,11.359777777777506,0.4083333333333333,-1
4023,38091,11.363555555555283,0.4083333333333333,-1
4024,38092,11.367333333333061,0.4083333333333333,-1
4025,38093,11.371111111110839,0.4083333333333333,-1
4026,38094,11.374888888888616,0.4083333333333333,-1
4027,38095,11.378666666666394,0.4083333333333333,-1
4028,38096,11.382444444444172,0.4083333333333333,-1
4029,38097,11.38622222222195,0.4083333333333333,-1
4030,38098,11.389999999999727,0.4083333333333333,-1
4031,38099,11.393777777777505,0.4083333333333333,-1
4032,38100,11.397555555555282,0.4083333333333333,-1
4033,38101,11.397555555555282,0.4,72071
4034,38102,11.397555555555282,0.4,72071
4035,38103,11.397555555555282,0.4,72071
4036,38104,11.397555555555282,0.4,72071
4037,38105,11.397555555555282,0.4,72071
4038,38106,11.397555555555282,0.4,72071
4039,38107,11.397555555555282,0.4,72071
4040,38108,11.397555555555282,0.4,72071
4041,38109,11.397555555555282,0.4,72071
4042,38110,11.397555555555282,0.4,72071
4043,38111,11.397555555555282,0.4,72071
4044,38112,11.397555555555282,0.4,72071
4045,38113,11.397555555555282,0.4,72071
4046,38114,11.397555555555282,0.4,72071
4047,38115,11.397555555555282,0.4,72071
4048,38116,11.397555555555282,0.4,72071
4049,38117,11.397555555555282,0.4,72071
4050,38118,11.397555555555282,0.4,72071
4051,38119,11.397555555555282,0.4,72071
4052,38120,11.397555555555282,0.4,72071
4053,38121,11.397555555555282,0.4,72071
4054,38122,11.397555555555282,0.4,72071
4055,38123,11.397555555555282,0.4,72071
4056,38124,11.397555555555282,0.4,72071
4057,38125,11.397555555555282,0.4,72071
4058,38126,11.397555555555282,0.4,72071
4059,38127,11.397555555555282,0.4,72071
4060,38128,11.397555555555282,0.4,72071
4061,38129,11.397555555555282,0.4,72071
4062,38130,11.397555555555282,0.4,72071
4063,38131,11.397555555555282,0.4,72071
4064,38132,11.397555555555282,0.4,72071
4065,38133,11.397555555555282,0.4,72071
4066,38134,11.397555555555282,0.4,72071
4067,38135,11.397555555555282,0.4,72071
4068,38136,11.40133333333306,0.4,-1
4069,38137,11.405111111110838,0.4,-1
4070,38138,11.408888888888615,0.4,-1
4071,38139,11.412666666666393,0.4,-1
4072,38140,11.41644444444417,0.4,-1
4073,38141,11.420222222221948,0.4,-1
4074,38142,11.423999999999726,0.4,-1
4075,38143,11.427777777777504,0.4,-1
4076,38144,11.431555555555281,0.4,-1
4077,38145,11.435333333333059,0.4,-1
4078,38146,11.439111111110837,0.4,-1
4079,38147,11.442888888888614,0.4,-1
4080,38148,11.446666666666392,0.4,-1
4081,38149,11.45044444444417,0.4,-1
4082,38150,11.454222222221947,0.4,-1
4083,38151,11.457999999999725,0.4,-1
4084,38152,11.461777777777503,0.4,-1
4085,38153,11.46555555555528,0.4,-1
4086,38154,11.469333333333058,0.4,-1
4087,38155,11.473111111110835,0.4,-1
4088,38156,11.476888888888613,0.4,-1
4089,38157,11.48066666666639,0.4,-1
4090,38158,11.484444444444168,0.4,-1
4091,38159,11.488222222221946,0.4,-1
4092,38160,11.491999999999724,0.4,-1
4093,38161,11.495777777777501,0.4,-1
4094,38162,11.499555555555279,0.4,-1
4095,38163,11.503333333333057,0.4,-1
4096,38164,11.507111111110834,0.4,-1
4097,38165,11.510888888888612,0.4,-1
4098,38166,11.51466666666639,0.4,-1
4099,38167,11.518444444444167,0.4,-1
4100,38168,11.522222222221945,0.4,-1
4101,38169,11.525999999999723,0.4,-1
4102,38170,11.5297777777775,0.4,-1
4103,38171,11.533555555555278,0.4,-1
4104,38172,11.537333333333056,0.4,-1
4105,38173,11.541111111110833,0.4,-1
4106,38174,11.544888888888611,0.4,-1
4107,38175,11.548666666666389,0.4,-1
4108,38176,11.552444444444166,0.4,-1
4109,38177,11.556222222221944,0.4,-1
4110,38178,11.559999999999722,0.4,-1
4111,38179,11.5637777777775,0.4,-1
4112,38180,11.567555555555277,0.4,-1
4113,38181,11.571333333333055,0.4,-1
4114,38182,11.575111111110832,0.4,-1
4115,38183,11.57888888888861,0.4,-1
4116,38184,11.582666666666388,0.4,-1
4117,38185,11.586444444444165,0.4,-1
4118,38186,11.590222222221943,0.4,-1
4119,38187,11.59399999999972,0.4,-1
4120,38188,11.597777777777498,0.4,-1
4121,38189,11.601555555555276,0.4,-1
4122,38190,11.605333333333054,0.4,-1
4123,38191,11.609111111110831,0.4,-1
4124,38192,11.612888888888609,0.4,-1
4125,38193,11.616666666666386,0.4,-1
4126,38194,11.620444444444164,0.4,-1
4127,38195,11.624222222221942,0.4,-1
4128,38196,11.62799999999972,0.4,-1
4129,38197,11.631777777777497,0.4,-1
4130,38198,11.635555555555275,0.4,-1
4131,38199,11.639333333333052,0.4,-1
4132,38200,11.64311111111083,0.4,-1
4133,38201,11.646888888888608,0.4,-1
4134,38202,11.650666666666385,0.4,-1
4135,38203,11.654444444444163,0.4,-1
4136,38204,11.65822222222194,0.4,-1
4137,38205,11.661999999999718,0.4,-1
4138,38206,11.665777777777496,0.4,-1
4139,38207,11.669555555555274,0.4,-1
4140,38208,11.673333333333051,0.4,-1
4141,38209,11.677111111110829,0.4,-1
4142,38210,11.680888888888607,0.4,-1
4143,38211,11.684666666666384,0.4,-1
4144,38212,11.688444444444162,0.4,-1
4145,38213,11.69222222222194,0.4,-1
4146,38214,11.695999999999717,0.4,-1
4147,38215,11.699777777777495,0.4,-1
4148,38216,11.703555555555273,0.4,-1
4149,38217,11.70733333333305,0.4,-1
4150,38218,11.711111111110828,0.4,-1
4151,38219,11.714888888888606,0.4,-1
4152,38220,11.718666666666383,0.4,-1
4153,38221,11.722444444444161,0.4,-1
4154,38222,11.726222222221939,0.4,-1
4155,38223,11.729999999999716,0.4,-1
4156,38224,11.733777777777494,0.4,-1
4157,38225,11.737555555555272,0.4,-1
4158,38226,11.74133333333305,0.4,-1
4159,38227,11.745111111110827,0.4,-1
4160,38228,11.748888888888604,0.4,-1
4161,38229,11.752666666666382,0.4,-1
4162,38230,11.75644444444416,0.4,-1
4163,38231,11.760222222221937,0.4,-1
4164,38232,11.763999999999715,0.4,-1
4165,38233,11.767777777777493,0.4,-1
4166,38234,11.77155555555527,0.4,-1
4167,38235,11.775333333333048,0.4,-1
4168,38236,11.779111111110826,0.4,-1
4169,38237,11.782888888888603,0.4,-1
4170,38238,11.786666666666381,0.4,-1
4171,38239,11.790444444444159,0.4,-1
4172,38240,11.794222222221936,0.4,-1
4173,38241,11.797999999999714,0.4,-1
4174,38242,11.801777777777492,0.4,-1
4175,38243,11.80555555555527,0.4,-1
4176,38244,11.809333333333047,0.4,-1
4177,38245,11.813111111110825,0.4,-1
4178,38246,11.816888888888602,0.4,-1
4179,38247,11.82066666666638,0.4,-1
4180,38248,11.824444444444158,0.4,-1
4181,38249,11.828222222221935,0.4,-1
4182,38250,11.831999999999713,0.4,-1
4183,38251,11.83577777777749,0.4,-1
4184,38252,11.839555555555268,0.4,-1
4185,38253,11.843333333333046,0.4,-1
4186,38254,11.847111111110824,0.4,-1
4187,38255,11.850888888888601,0.4,-1
4188,38256,11.854666666666379,0.4,-1
4189,38257,11.858444444444157,0.4,-1
4190,38258,11.862222222221934,0.4,-1
4191,38259,11.865999999999712,0.4,-1
4192,38260,11.86977777777749,0.4,-1
4193,38261,11.873555555555267,0.4,-1
4194,38262,11.877333333333045,0.4,-1
4195,38263,11.881111111110823,0.4,-1
4196,38264,11.8848888888886,0.4,-1
4197,38265,11.888666666666378,0.4,-1
4198,38266,11.892444444444155,0.4,-1
4199,38267,11.896222222221933,0.4,-1
4200,38268,11.896222222221933,0.49166666666666664,84499
4201,38269,11.896222222221933,0.49166666666666664,84499
4202,38270,11.896222222221933,0.49166666666666664,84499
4203,38271,11.896222222221933,0.49166666666666664,84499
4204,38272,11.896222222221933,0.49166666666666664,84499
4205,38273,11.896222222221933,0.49166666666666664,84499
4206,38274,11.896222222221933,0.49166666666666664,84499
4207,38275,11.896222222221933,0.49166666666666664,84499
4208,38276,11.896222222221933,0.49166666666666664,84499
4209,38277,11.896222222221933,0.49166666666666664,84499
4210,38278,11.896222222221933,0.49166666666666664,84499
4211,38279,11.896222222221933,0.49166666666666664,84499
4212,38280,11.896222222221933,0.49166666666666664,84499
4213,38281,11.896222222221933,0.49166666666666664,84499
4214,38282,11.896222222221933,0.49166666666666664,84499
4215,38283,11.896222222221933,0.49166666666666664,84499
4216,38284,11.896222222221933,0.49166666666666664,84499
4217,38285,11.896222222221933,0.49166666666666664,84499
4218,38286,11.896222222221933,0.49166666666666664,84499
4219,38287,11.896222222221933,0.49166666666666664,84499
4220,38288,11.896222222221933,0.49166666666666664,84499
4221,38289,11.896222222221933,0.49166666666666664,84499
4222,38290,11.896222222221933,0.49166666666666664,84499
4223,38291,11.896222222221933,0.49166666666666664,84499
4224,38292,11.896222222221933,0.49166666666666664,84499
4225,38293,11.896222222221933,0.49166666666666664,84499
4226,38294,11.896222222221933,0.49166666666666664,84499
4227,38295,11.896222222221933,0.49166666666666664,84499
4228,38296,11.896222222221933,0.49166666666666664,84499
4229,38297,11.896222222221933,0.49166666666666664,84499
4230,38298,11.896222222221933,0.49166666666666664,84499
4231,38299,11.896222222221933,0.49166666666666664,84499
4232,38300,11.896222222221933,0.49166666666666664,84499
4233,38301,11.896222222221933,0.49166666666666664,84499
4234,38302,11.896222222221933,0.49166666666666664,84499
4235,38303,11.896222222221933,0.49166666666666664,84499
4236,38304,11.896222222221933,0.49166666666666664,84499
4237,38305,11.896222222221933,0.49166666666666664,84499
4238,38306,11.896222222221933,0.49166666666666664,84499
4239,38307,11.896222222221933,0.49166666666666664,84499
4240,38308,11.896222222221933,0.49166666666666664,84499
4241,38309,11.896222222221933,0.49166666666666664,84499
4242,38310,11.896222222221933,0.49166666666666664,84499
4243,38311,11.89999999999971,0.49166666666666664,-1
4244,38312,11.903777777777488,0.49166666666666664,-1
4245,38313,11.907555555555266,0.49166666666666664,-1
4246,38314,11.911333333333044,0.49166666666666664,-1
4247,38315,11.915111111110821,0.49166666666666664,-1
4248,38316,11.918888888888599,0.49166666666666664,-1
4249,38317,11.922666666666377,0.49166666666666664,-1
4250,38318,11.926444444444154,0.49166666666666664,-1
4251,38319,11.930222222221932,0.49166666666666664,-1
4252,38320,11.93399999999971,0.49166666666666664,-1
4253,38321,11.937777777777487,0.49166666666666664,-1
4254,38322,11.941555555555265,0.49166666666666664,-1
4255,38323,11.945333333333043,0.49166666666666664,-1
4256,38324,11.94911111111082,0.49166666666666664,-1
4257,38325,11.952888888888598,0.49166666666666664,-1
4258,38326,11.956666666666376,0.49166666666666664,-1
4259,38327,11.960444444444153,0.49166666666666664,-1
4260,38328,11.964222222221931,0.49166666666666664,-1
4261,38329,11.967999999999709,0.49166666666666664,-1
4262,38330,11.971777777777486,0.49166666666666664,-1
4263,38331,11.975555555555264,0.49166666666666664,-1
4264,38332,11.979333333333042,0.49166666666666664,-1
4265,38333,11.98311111111082,0.49166666666666664,-1
4266,38334,11.986888888888597,0.49166666666666664,-1
4267,38335,11.990666666666375,0.49166666666666664,-1
4268,38336,11.994444444444152,0.49166666666666664,-1
4269,38337,11.99822222222193,0.49166666666666664,-1
4270,38338,12.001999999999708,0.49166666666666664,-1
4271,38339,12.005777777777485,0.49166666666666664,-1
4272,38340,12.009555555555263,0.49166666666666664,-1
4273,38341,12.01333333333304,0.49166666666666664,-1
4274,38342,12.017111111110818,0.49166666666666664,-1
4275,38343,12.020888888888596,0.49166666666666664,-1
4276,38344,12.024666666666374,0.49166666666666664,-1
4277,38345,12.028444444444151,0.49166666666666664,-1
4278,38346,12.032222222221929,0.49166666666666664,-1
4279,38347,12.035999999999706,0.49166666666666664,-1
4280,38348,12.039777777777484,0.49166666666666664,-1
4281,38349,12.043555555555262,0.49166666666666664,-1
4282,38350,12.04733333333304,0.49166666666666664,-1
4283,38351,12.051111111110817,0.49166666666666664,-1
4284,38352,12.054888888888595,0.49166666666666664,-1
4285,38353,12.058666666666372,0.49166666666666664,-1
4286,38354,12.06244444444415,0.49166666666666664,-1
4287,38355,12.066222222221928,0.49166666666666664,-1
4288,38356,12.069999999999705,0.49166666666666664,-1
4289,38357,12.073777777777483,0.49166666666666664,-1
4290,38358,12.07755555555526,0.49166666666666664,-1
4291,38359,12.081333333333038,0.49166666666666664,-1
4292,38360,12.085111111110816,0.49166666666666664,-1
4293,38361,12.088888888888594,0.49166666666666664,-1
4294,38362,12.092666666666371,0.49166666666666664,-1
4295,38363,12.096444444444149,0.49166666666666664,-1
4296,38364,12.100222222221927,0.49166666666666664,-1
4297,38365,12.103999999999704,0.49166666666666664,-1
4298,38366,12.107777777777482,0.49166666666666664,-1
4299,38367,12.11155555555526,0.49166666666666664,-1
4300,38368,12.115333333333037,0.49166666666666664,-1
4301,38369,12.119111111110815,0.49166666666666664,-1
4302,38370,12.122888888888593,0.49166666666666664,-1
4303,38371,12.12666666666637,0.49166666666666664,-1
4304,38372,12.130444444444148,0.49166666666666664,-1
4305,38373,12.134222222221926,0.49166666666666664,-1
4306,38374,12.137999999999703,0.49166666666666664,-1
4307,38375,12.141777777777481,0.49166666666666664,-1
4308,38376,12.145555555555259,0.49166666666666664,-1
4309,38377,12.149333333333036,0.49166666666666664,-1
4310,38378,12.153111111110814,0.49166666666666664,-1
4311,38379,12.156888888888592,0.49166666666666664,-1
4312,38380,12.16066666666637,0.49166666666666664,-1
4313,38381,12.164444444444147,0.49166666666666664,-1
4314,38382,12.168222222221925,0.49166666666666664,-1
4315,38383,12.171999999999702,0.49166666666666664,-1
4316,38384,12.17577777777748,0.49166666666666664,-1
4317,38385,12.179555555555257,0.49166666666666664,-1
4318,38386,12.183333333333035,0.49166666666666664,-1
4319,38387,12.187111111110813,0.49166666666666664,-1
4320,38388,12.19088888888859,0.49166666666666664,-1
4321,38389,12.194666666666368,0.49166666666666664,-1
4322,38390,12.198444444444146,0.49166666666666664,-1
4323,38391,12.202222222221923,0.49166666666666664,-1
4324,38392,12.205999999999701,0.49166666666666664,-1
4325,38393,12.209777777777479,0.49166666666666664,-1
4326,38394,12.213555555555256,0.49166666666666664,-1
4327,38395,12.217333333333034,0.49166666666666664,-1
4328,38396,12.221111111110812,0.49166666666666664,-1
4329,38397,12.22488888888859,0.49166666666666664,-1
4330,38398,12.228666666666367,0.49166666666666664,-1
4331,38399,12.232444444444145,0.49166666666666664,-1
4332,38400,12.236222222221922,0.49166666666666664,-1
4333,38401,12.2399999999997,0.49166666666666664,-1
4334,38402,12.243777777777478,0.49166666666666664,-1
4335,38403,12.247555555555255,0.49166666666666664,-1
4336,38404,12.251333333333033,0.49166666666666664,-1
4337,38405,12.25511111111081,0.49166666666666664,-1
4338,38406,12.258888888888588,0.49166666666666664,-1
4339,38407,12.262666666666366,0.49166666666666664,-1
4340,38408,12.266444444444144,0.49166666666666664,-1
4341,38409,12.270222222221921,0.49166666666666664,-1
4342,38410,12.273999999999699,0.49166666666666664,-1
4343,38411,12.277777777777477,0.49166666666666664,-1
4344,38412,12.281555555555254,0.49166666666666664,-1
4345,38413,12.285333333333032,0.49166666666666664,-1
4346,38414,12.28911111111081,0.49166666666666664,-1
4347,38415,12.292888888888587,0.49166666666666664,-1
4348,38416,12.296666666666365,0.49166666666666664,-1
4349,38417,12.300444444444143,0.49166666666666664,-1
4350,38418,12.30422222222192,0.49166666666666664,-1
4351,38419,12.307999999999698,0.49166666666666664,-1
4352,38420,12.311777777777476,0.49166666666666664,-1
4353,38421,12.315555555555253,0.49166666666666664,-1
4354,38422,12.31933333333303,0.49166666666666664,-1
4355,38423,12.323111111110808,0.49166666666666664,-1
4356,38424,12.326888888888586,0.49166666666666664,-1
4357,38425,12.330666666666364,0.49166666666666664,-1
4358,38426,12.334444444444141,0.49166666666666664,-1
4359,38427,12.338222222221919,0.49166666666666664,-1
4360,38428,12.341999999999697,0.49166666666666664,-1
4361,38429,12.345777777777474,0.49166666666666664,-1
4362,38430,12.349555555555252,0.49166666666666664,-1
4363,38431,12.35333333333303,0.49166666666666664,-1
4364,38432,12.357111111110807,0.49166666666666664,-1
4365,38433,12.360888888888585,0.49166666666666664,-1
4366,38434,12.364666666666363,0.49166666666666664,-1
4367,38435,12.36844444444414,0.49166666666666664,-1
4368,38436,12.372222222221918,0.49166666666666664,-1
4369,38437,12.375999999999696,0.49166666666666664,-1
4370,38438,12.379777777777473,0.49166666666666664,-1
4371,38439,12.383555555555251,0.49166666666666664,-1
4372,38440,12.387333333333029,0.49166666666666664,-1
4373,38441,12.391111111110806,0.49166666666666664,-1
4374,38442,12.394888888888584,0.49166666666666664,-1
4375,38443,12.398666666666362,0.49166666666666664,-1
4376,38444,12.40244444444414,0.49166666666666664,-1
4377,38445,12.406222222221917,0.49166666666666664,-1
4378,38446,12.409999999999695,0.49166666666666664,-1
4379,38447,12.413777777777472,0.49166666666666664,-1
4380,38448,12.41755555555525,0.49166666666666664,-1
4381,38449,12.421333333333028,0.49166666666666664,-1
4382,38450,12.425111111110805,0.49166666666666664,-1
4383,38451,12.428888888888583,0.49166666666666664,-1
4384,38452,12.43266666666636,0.49166666666666664,-1
4385,38453,12.436444444444138,0.49166666666666664,-1
4386,38454,12.440222222221916,0.49166666666666664,-1
4387,38455,12.443999999999694,0.49166666666666664,-1
4388,38456,12.447777777777471,0.49166666666666664,-1
4389,38457,12.451555555555249,0.49166666666666664,-1
4390,38458,12.455333333333027,0.49166666666666664,-1
4391,38459,12.459111111110804,0.49166666666666664,-1
4392,38460,12.462888888888582,0.49166666666666664,-1
4393,38461,12.46666666666636,0.49166666666666664,-1
4394,38462,12.470444444444137,0.49166666666666664,-1
4395,38463,12.474222222221915,0.49166666666666664,-1
4396,38464,12.477999999999692,0.49166666666666664,-1
4397,38465,12.48177777777747,0.49166666666666664,-1
4398,38466,12.485555555555248,0.49166666666666664,-1
4399,38467,12.489333333333025,0.49166666666666664,-1
4400,38468,12.493111111110803,0.49166666666666664,-1
4401,38469,12.49688888888858,0.49166666666666664,-1
4402,38470,12.49688888888858,0.45,84489
4403,38471,12.49688888888858,0.45,84489
4404,38472,12.49688888888858,0.45,84489
4405,38473,12.49688888888858,0.45,84489
4406,38474,12.49688888888858,0.45,84489
4407,38475,12.49688888888858,0.45,84489
4408,38476,12.49688888888858,0.45,84489
4409,38477,12.49688888888858,0.45,84489
4410,38478,12.49688888888858,0.45,84489
4411,38479,12.49688888888858,0.45,84489
4412,38480,12.49688888888858,0.45,84489
4413,38481,12.49688888888858,0.45,84489
4414,38482,12.49688888888858,0.45,84489
4415,38483,12.49688888888858,0.45,84489
4416,38484,12.49688888888858,0.45,84489
4417,38485,12.49688888888858,0.45,84489
4418,38486,12.49688888888858,0.45,84489
4419,38487,12.49688888888858,0.45,84489
4420,38488,12.49688888888858,0.45,84489
4421,38489,12.49688888888858,0.45,84489
4422,38490,12.49688888888858,0.45,84489
4423,38491,12.49688888888858,0.45,84489
4424,38492,12.49688888888858,0.45,84489
4425,38493,12.49688888888858,0.45,84489
4426,38494,12.49688888888858,0.45,84489
4427,38495,12.49688888888858,0.45,84489
4428,38496,12.49688888888858,0.45,84489
4429,38497,12.49688888888858,0.45,84489
4430,38498,12.49688888888858,0.45,84489
4431,38499,12.49688888888858,0.45,84489
4432,38500,12.49688888888858,0.45,84489
4433,38501,12.49688888888858,0.45,84489
4434,38502,12.49688888888858,0.45,84489
4435,38503,12.49688888888858,0.45,84489
4436,38504,12.49688888888858,0.45,84489
4437,38505,12.500666666666358,0.45,-1
4438,38506,12.504444444444136,0.45,-1
4439,38507,12.508222222221914,0.45,-1
4440,38508,12.511999999999691,0.45,-1
4441,38509,12.515777777777469,0.45,-1
4442,38510,12.519555555555247,0.45,-1
4443,38511,12.523333333333024,0.45,-1
4444,38512,12.527111111110802,0.45,-1
4445,38513,12.53088888888858,0.45,-1
4446,38514,12.534666666666357,0.45,-1
4447,38515,12.538444444444135,0.45,-1
4448,38516,12.542222222221913,0.45,-1
4449,38517,12.54599999999969,0.45,-1
4450,38518,12.549777777777468,0.45,-1
4451,38519,12.553555555555246,0.45,-1
4452,38520,12.557333333333023,0.45,-1
4453,38521,12.561111111110801,0.45,-1
4454,38522,12.564888888888579,0.45,-1
4455,38523,12.568666666666356,0.45,-1
4456,38524,12.572444444444134,0.45,-1
4457,38525,12.576222222221912,0.45,-1
4458,38526,12.57999999999969,0.45,-1
4459,38527,12.583777777777467,0.45,-1
4460,38528,12.587555555555245,0.45,-1
4461,38529,12.591333333333022,0.45,-1
4462,38530,12.5951111111108,0.45,-1
4463,38531,12.598888888888577,0.45,-1
4464,38532,12.602666666666355,0.45,-1
4465,38533,12.606444444444133,0.45,-1
4466,38534,12.61022222222191,0.45,-1
4467,38535,12.613999999999688,0.45,-1
4468,38536,12.617777777777466,0.45,-1
4469,38537,12.621555555555243,0.45,-1
4470,38538,12.625333333333021,0.45,-1
4471,38539,12.629111111110799,0.45,-1
4472,38540,12.632888888888576,0.45,-1
4473,38541,12.636666666666354,0.45,-1
4474,38542,12.640444444444132,0.45,-1
4475,38543,12.64422222222191,0.45,-1
4476,38544,12.647999999999687,0.45,-1
4477,38545,12.651777777777465,0.45,-1
4478,38546,12.655555555555242,0.45,-1
4479,38547,12.65933333333302,0.45,-1
4480,38548,12.663111111110798,0.45,-1
4481,38549,12.666888888888575,0.45,-1
4482,38550,12.670666666666353,0.45,-1
4483,38551,12.67444444444413,0.45,-1
4484,38552,12.678222222221908,0.45,-1
4485,38553,12.681999999999686,0.45,-1
4486,38554,12.685777777777464,0.45,-1
4487,38555,12.689555555555241,0.45,-1
4488,38556,12.693333333333019,0.45,-1
4489,38557,12.697111111110797,0.45,-1
4490,38558,12.700888888888574,0.45,-1
4491,38559,12.704666666666352,0.45,-1
4492,38560,12.70844444444413,0.45,-1
4493,38561,12.712222222221907,0.45,-1
4494,38562,12.715999999999685,0.45,-1
4495,38563,12.719777777777463,0.45,-1
4496,38564,12.72355555555524,0.45,-1
4497,38565,12.727333333333018,0.45,-1
4498,38566,12.731111111110796,0.45,-1
4499,38567,12.734888888888573,0.45,-1
4500,38568,12.73866666666635,0.45,-1
4501,38569,12.742444444444128,0.45,-1
4502,38570,12.746222222221906,0.45,-1
4503,38571,12.749999999999684,0.45,-1
4504,38572,12.753777777777461,0.45,-1
4505,38573,12.75755555555524,0.45,-1
4506,38574,12.761333333333017,0.45,-1
4507,38575,12.765111111110794,0.45,-1
4508,38576,12.768888888888572,0.45,-1
4509,38577,12.77266666666635,0.45,-1
4510,38578,12.776444444444127,0.45,-1
4511,38579,12.780222222221905,0.45,-1
4512,38580,12.783999999999683,0.45,-1
4513,38581,12.78777777777746,0.45,-1
4514,38582,12.791555555555238,0.45,-1
4515,38583,12.795333333333016,0.45,-1
4516,38584,12.799111111110793,0.45,-1
4517,38585,12.802888888888571,0.45,-1
4518,38586,12.806666666666349,0.45,-1
4519,38587,12.810444444444126,0.45,-1
4520,38588,12.814222222221904,0.45,-1
4521,38589,12.817999999999682,0.45,-1
4522,38590,12.82177777777746,0.45,-1
4523,38591,12.825555555555237,0.45,-1
4524,38592,12.829333333333015,0.45,-1
4525,38593,12.833111111110792,0.45,-1
4526,38594,12.83688888888857,0.45,-1
4527,38595,12.840666666666348,0.45,-1
4528,38596,12.844444444444125,0.45,-1
4529,38597,12.848222222221903,0.45,-1
4530,38598,12.85199999999968,0.45,-1
4531,38599,12.855777777777458,0.45,-1
4532,38600,12.859555555555236,0.45,-1
4533,38601,12.863333333333014,0.45,-1
4534,38602,12.867111111110791,0.45,-1
4535,38603,12.870888888888569,0.45,-1
4536,38604,12.874666666666347,0.45,-1
4537,38605,12.878444444444124,0.45,-1
4538,38606,12.882222222221902,0.45,-1
4539,38607,12.88599999999968,0.45,-1
4540,38608,12.889777777777457,0.45,-1
4541,38609,12.893555555555235,0.45,-1
4542,38610,12.897333333333012,0.45,-1
4543,38611,12.897333333333012,0.44166666666666665,84461
4544,38612,12.897333333333012,0.44166666666666665,84461
4545,38613,12.897333333333012,0.44166666666666665,84461
4546,38614,12.897333333333012,0.44166666666666665,84461
4547,38615,12.897333333333012,0.44166666666666665,84461
4548,38616,12.897333333333012,0.44166666666666665,84461
4549,38617,12.897333333333012,0.44166666666666665,84461
4550,38618,12.897333333333012,0.44166666666666665,84461
4551,38619,12.897333333333012,0.44166666666666665,84461
4552,38620,12.897333333333012,0.44166666666666665,84461
4553,38621,12.897333333333012,0.44166666666666665,84461
4554,38622,12.897333333333012,0.44166666666666665,84461
4555,38623,12.897333333333012,0.44166666666666665,84461
4556,38624,12.897333333333012,0.44166666666666665,84461
4557,38625,12.897333333333012,0.44166666666666665,84461
4558,38626,12.897333333333012,0.44166666666666665,84461
4559,38627,12.897333333333012,0.44166666666666665,84461
4560,38628,12.897333333333012,0.44166666666666665,84461
4561,38629,12.897333333333012,0.44166666666666665,84461
4562,38630,12.897333333333012,0.44166666666666665,84461
4563,38631,12.897333333333012,0.44166666666666665,84461
4564,38632,12.897333333333012,0.44166666666666665,84461
4565,38633,12.897333333333012,0.44166666666666665,84461
4566,38634,12.897333333333012,0.44166666666666665,84461
4567,38635,12.897333333333012,0.44166666666666665,84461
4568,38636,12.897333333333012,0.44166666666666665,84461
4569,38637,12.897333333333012,0.44166666666666665,84461
4570,38638,12.897333333333012,0.44166666666666665,84461
4571,38639,12.897333333333012,0.44166666666666665,84461
4572,38640,12.897333333333012,0.44166666666666665,84461
4573,38641,12.897333333333012,0.44166666666666665,84461
4574,38642,12.897333333333012,0.44166666666666665,84461
4575,38643,12.897333333333012,0.44166666666666665,84461
4576,38644,12.897333333333012,0.44166666666666665,84461
4577,38645,12.897333333333012,0.44166666666666665,84461
4578,38646,12.897333333333012,0.44166666666666665,84461
4579,38647,12.90111111111079,0.44166666666666665,-1
4580,38648,12.904888888888568,0.44166666666666665,-1
4581,38649,12.908666666666345,0.44166666666666665,-1
4582,38650,12.912444444444123,0.44166666666666665,-1
4583,38651,12.9162222222219,0.44166666666666665,-1
4584,38652,12.919999999999678,0.44166666666666665,-1
4585,38653,12.923777777777456,0.44166666666666665,-1
4586,38654,12.927555555555234,0.44166666666666665,-1
4587,38655,12.931333333333011,0.44166666666666665,-1
4588,38656,12.935111111110789,0.44166666666666665,-1
4589,38657,12.938888888888567,0.44166666666666665,-1
4590,38658,12.942666666666344,0.44166666666666665,-1
4591,38659,12.946444444444122,0.44166666666666665,-1
4592,38660,12.9502222222219,0.44166666666666665,-1
4593,38661,12.953999999999677,0.44166666666666665,-1
4594,38662,12.957777777777455,0.44166666666666665,-1
4595,38663,12.961555555555233,0.44166666666666665,-1
4596,38664,12.96533333333301,0.44166666666666665,-1
4597,38665,12.969111111110788,0.44166666666666665,-1
4598,38666,12.972888888888566,0.44166666666666665,-1
4599,38667,12.976666666666343,0.44166666666666665,-1
4600,38668,12.980444444444121,0.44166666666666665,-1
4601,38669,12.984222222221899,0.44166666666666665,-1
4602,38670,12.987999999999676,0.44166666666666665,-1
4603,38671,12.991777777777454,0.44166666666666665,-1
4604,38672,12.995555555555232,0.44166666666666665,-1
4605,38673,12.99933333333301,0.44166666666666665,-1
4606,38674,13.003111111110787,0.44166666666666665,-1
4607,38675,13.006888888888565,0.44166666666666665,-1
4608,38676,13.010666666666342,0.44166666666666665,-1
4609,38677,13.01444444444412,0.44166666666666665,-1
4610,38678,13.018222222221898,0.44166666666666665,-1
4611,38679,13.021999999999675,0.44166666666666665,-1
4612,38680,13.025777777777453,0.44166666666666665,-1
4613,38681,13.02955555555523,0.44166666666666665,-1
4614,38682,13.033333333333008,0.44166666666666665,-1
4615,38683,13.037111111110786,0.44166666666666665,-1
4616,38684,13.040888888888563,0.44166666666666665,-1
4617,38685,13.044666666666341,0.44166666666666665,-1
4618,38686,13.048444444444119,0.44166666666666665,-1
4619,38687,13.052222222221896,0.44166666666666665,-1
4620,38688,13.055999999999674,0.44166666666666665,-1
4621,38689,13.059777777777452,0.44166666666666665,-1
4622,38690,13.06355555555523,0.44166666666666665,-1
4623,38691,13.067333333333007,0.44166666666666665,-1
4624,38692,13.071111111110785,0.44166666666666665,-1
4625,38693,13.074888888888562,0.44166666666666665,-1
4626,38694,13.07866666666634,0.44166666666666665,-1
4627,38695,13.082444444444118,0.44166666666666665,-1
4628,38696,13.086222222221895,0.44166666666666665,-1
4629,38697,13.089999999999673,0.44166666666666665,-1
4630,38698,13.09377777777745,0.44166666666666665,-1
4631,38699,13.097555555555228,0.44166666666666665,-1
4632,38700,13.101333333333006,0.44166666666666665,-1
4633,38701,13.105111111110784,0.44166666666666665,-1
4634,38702,13.108888888888561,0.44166666666666665,-1
4635,38703,13.112666666666339,0.44166666666666665,-1
4636,38704,13.116444444444117,0.44166666666666665,-1
4637,38705,13.120222222221894,0.44166666666666665,-1
4638,38706,13.123999999999672,0.44166666666666665,-1
4639,38707,13.12777777777745,0.44166666666666665,-1
4640,38708,13.131555555555227,0.44166666666666665,-1
4641,38709,13.135333333333005,0.44166666666666665,-1
4642,38710,13.139111111110783,0.44166666666666665,-1
4643,38711,13.14288888888856,0.44166666666666665,-1
4644,38712,13.146666666666338,0.44166666666666665,-1
4645,38713,13.150444444444116,0.44166666666666665,-1
4646,38714,13.154222222221893,0.44166666666666665,-1
4647,38715,13.15799999999967,0.44166666666666665,-1
4648,38716,13.161777777777449,0.44166666666666665,-1
4649,38717,13.165555555555226,0.44166666666666665,-1
4650,38718,13.169333333333004,0.44166666666666665,-1
4651,38719,13.173111111110781,0.44166666666666665,-1
4652,38720,13.17688888888856,0.44166666666666665,-1
4653,38721,13.180666666666337,0.44166666666666665,-1
4654,38722,13.184444444444114,0.44166666666666665,-1
4655,38723,13.188222222221892,0.44166666666666665,-1
4656,38724,13.19199999999967,0.44166666666666665,-1
4657,38725,13.195777777777447,0.44166666666666665,-1
4658,38726,13.199555555555225,0.44166666666666665,-1
4659,38727,13.203333333333003,0.44166666666666665,-1
4660,38728,13.20711111111078,0.44166666666666665,-1
4661,38729,13.210888888888558,0.44166666666666665,-1
4662,38730,13.214666666666336,0.44166666666666665,-1
4663,38731,13.218444444444113,0.44166666666666665,-1
4664,38732,13.222222222221891,0.44166666666666665,-1
4665,38733,13.225999999999669,0.44166666666666665,-1
4666,38734,13.229777777777446,0.44166666666666665,-1
4667,38735,13.233555555555224,0.44166666666666665,-1
4668,38736,13.237333333333002,0.44166666666666665,-1
4669,38737,13.24111111111078,0.44166666666666665,-1
4670,38738,13.244888888888557,0.44166666666666665,-1
4671,38739,13.248666666666335,0.44166666666666665,-1
4672,38740,13.252444444444112,0.44166666666666665,-1
4673,38741,13.25622222222189,0.44166666666666665,-1
4674,38742,13.259999999999668,0.44166666666666665,-1
4675,38743,13.263777777777445,0.44166666666666665,-1
4676,38744,13.267555555555223,0.44166666666666665,-1
4677,38745,13.271333333333,0.44166666666666665,-1
4678,38746,13.275111111110778,0.44166666666666665,-1
4679,38747,13.278888888888556,0.44166666666666665,-1
4680,38748,13.282666666666334,0.44166666666666665,-1
4681,38749,13.286444444444111,0.44166666666666665,-1
4682,38750,13.290222222221889,0.44166666666666665,-1
4683,38751,13.293999999999667,0.44166666666666665,-1
4684,38752,13.297777777777444,0.44166666666666665,-1
4685,38753,13.297777777777444,0.38333333333333336,84471
4686,38754,13.297777777777444,0.38333333333333336,84471
4687,38755,13.297777777777444,0.38333333333333336,84471
4688,38756,13.297777777777444,0.38333333333333336,84471
4689,38757,13.297777777777444,0.38333333333333336,84471
4690,38758,13.297777777777444,0.38333333333333336,84471
4691,38759,13.297777777777444,0.38333333333333336,84471
4692,38760,13.297777777777444,0.38333333333333336,84471
4693,38761,13.297777777777444,0.38333333333333336,84471
4694,38762,13.297777777777444,0.38333333333333336,84471
4695,38763,13.297777777777444,0.38333333333333336,84471
4696,38764,13.297777777777444,0.38333333333333336,84471
4697,38765,13.297777777777444,0.38333333333333336,84471
4698,38766,13.297777777777444,0.38333333333333336,84471
4699,38767,13.297777777777444,0.38333333333333336,84471
4700,38768,13.297777777777444,0.38333333333333336,84471
4701,38769,13.297777777777444,0.38333333333333336,84471
4702,38770,13.297777777777444,0.38333333333333336,84471
4703,38771,13.297777777777444,0.38333333333333336,84471
4704,38772,13.297777777777444,0.38333333333333336,84471
4705,38773,13.297777777777444,0.38333333333333336,84471
4706,38774,13.297777777777444,0.38333333333333336,84471
4707,38775,13.297777777777444,0.38333333333333336,84471
4708,38776,13.297777777777444,0.38333333333333336,84471
4709,38777,13.297777777777444,0.38333333333333336,84471
4710,38778,13.297777777777444,0.38333333333333336,84471
4711,38779,13.297777777777444,0.38333333333333336,84471
4712,38780,13.297777777777444,0.38333333333333336,84471
4713,38781,13.297777777777444,0.38333333333333336,84471
4714,38782,13.297777777777444,0.38333333333333336,84471
4715,38783,13.297777777777444,0.38333333333333336,84471
4716,38784,13.297777777777444,0.38333333333333336,84471
4717,38785,13.297777777777444,0.38333333333333336,84471
4718,38786,13.297777777777444,0.38333333333333336,84471
4719,38787,13.297777777777444,0.38333333333333336,84471
4720,38788,13.297777777777444,0.38333333333333336,84471
4721,38789,13.301555555555222,0.38333333333333336,-1
4722,38790,13.305333333333,0.38333333333333336,-1
4723,38791,13.309111111110777,0.38333333333333336,-1
4724,38792,13.312888888888555,0.38333333333333336,-1
4725,38793,13.316666666666332,0.38333333333333336,-1
4726,38794,13.32044444444411,0.38333333333333336,-1
4727,38795,13.324222222221888,0.38333333333333336,-1
4728,38796,13.327999999999665,0.38333333333333336,-1
4729,38797,13.331777777777443,0.38333333333333336,-1
4730,38798,13.33555555555522,0.38333333333333336,-1
4731,38799,13.339333333332998,0.38333333333333336,-1
4732,38800,13.343111111110776,0.38333333333333336,-1
4733,38801,13.346888888888554,0.38333333333333336,-1
4734,38802,13.350666666666331,0.38333333333333336,-1
4735,38803,13.354444444444109,0.38333333333333336,-1
4736,38804,13.358222222221887,0.38333333333333336,-1
4737,38805,13.361999999999664,0.38333333333333336,-1
4738,38806,13.365777777777442,0.38333333333333336,-1
4739,38807,13.36955555555522,0.38333333333333336,-1
4740,38808,13.373333333332997,0.38333333333333336,-1
4741,38809,13.377111111110775,0.38333333333333336,-1
4742,38810,13.380888888888553,0.38333333333333336,-1
4743,38811,13.38466666666633,0.38333333333333336,-1
4744,38812,13.388444444444108,0.38333333333333336,-1
4745,38813,13.392222222221886,0.38333333333333336,-1
4746,38814,13.395999999999663,0.38333333333333336,-1
4747,38815,13.399777777777441,0.38333333333333336,-1
4748,38816,13.403555555555219,0.38333333333333336,-1
4749,38817,13.407333333332996,0.38333333333333336,-1
4750,38818,13.411111111110774,0.38333333333333336,-1
4751,38819,13.414888888888552,0.38333333333333336,-1
4752,38820,13.41866666666633,0.38333333333333336,-1
4753,38821,13.422444444444107,0.38333333333333336,-1
4754,38822,13.426222222221885,0.38333333333333336,-1
4755,38823,13.429999999999662,0.38333333333333336,-1
4756,38824,13.43377777777744,0.38333333333333336,-1
4757,38825,13.437555555555218,0.38333333333333336,-1
4758,38826,13.441333333332995,0.38333333333333336,-1
4759,38827,13.445111111110773,0.38333333333333336,-1
4760,38828,13.44888888888855,0.38333333333333336,-1
4761,38829,13.452666666666328,0.38333333333333336,-1
4762,38830,13.456444444444106,0.38333333333333336,-1
4763,38831,13.460222222221883,0.38333333333333336,-1
4764,38832,13.463999999999661,0.38333333333333336,-1
4765,38833,13.467777777777439,0.38333333333333336,-1
4766,38834,13.471555555555216,0.38333333333333336,-1
4767,38835,13.475333333332994,0.38333333333333336,-1
4768,38836,13.479111111110772,0.38333333333333336,-1
4769,38837,13.48288888888855,0.38333333333333336,-1
4770,38838,13.486666666666327,0.38333333333333336,-1
4771,38839,13.490444444444105,0.38333333333333336,-1
4772,38840,13.494222222221882,0.38333333333333336,-1
4773,38841,13.49799999999966,0.38333333333333336,-1
4774,38842,13.501777777777438,0.38333333333333336,-1
4775,38843,13.505555555555215,0.38333333333333336,-1
4776,38844,13.509333333332993,0.38333333333333336,-1
4777,38845,13.51311111111077,0.38333333333333336,-1
4778,38846,13.516888888888548,0.38333333333333336,-1
4779,38847,13.520666666666326,0.38333333333333336,-1
4780,38848,13.524444444444104,0.38333333333333336,-1
4781,38849,13.528222222221881,0.38333333333333336,-1
4782,38850,13.531999999999659,0.38333333333333336,-1
4783,38851,13.535777777777437,0.38333333333333336,-1
4784,38852,13.539555555555214,0.38333333333333336,-1
4785,38853,13.543333333332992,0.38333333333333336,-1
4786,38854,13.54711111111077,0.38333333333333336,-1
4787,38855,13.550888888888547,0.38333333333333336,-1
4788,38856,13.554666666666325,0.38333333333333336,-1
4789,38857,13.558444444444103,0.38333333333333336,-1
4790,38858,13.56222222222188,0.38333333333333336,-1
4791,38859,13.565999999999658,0.38333333333333336,-1
4792,38860,13.569777777777436,0.38333333333333336,-1
4793,38861,13.573555555555213,0.38333333333333336,-1
4794,38862,13.57733333333299,0.38333333333333336,-1
4795,38863,13.581111111110769,0.38333333333333336,-1
4796,38864,13.584888888888546,0.38333333333333336,-1
4797,38865,13.588666666666324,0.38333333333333336,-1
4798,38866,13.592444444444101,0.38333333333333336,-1
4799,38867,13.59622222222188,0.38333333333333336,-1
4800,38868,13.599999999999657,0.38333333333333336,-1
4801,38869,13.603777777777434,0.38333333333333336,-1
4802,38870,13.607555555555212,0.38333333333333336,-1
4803,38871,13.61133333333299,0.38333333333333336,-1
4804,38872,13.615111111110767,0.38333333333333336,-1
4805,38873,13.618888888888545,0.38333333333333336,-1
4806,38874,13.622666666666323,0.38333333333333336,-1
4807,38875,13.6264444444441,0.38333333333333336,-1
4808,38876,13.630222222221878,0.38333333333333336,-1
4809,38877,13.633999999999656,0.38333333333333336,-1
4810,38878,13.637777777777433,0.38333333333333336,-1
4811,38879,13.641555555555211,0.38333333333333336,-1
4812,38880,13.645333333332989,0.38333333333333336,-1
4813,38881,13.649111111110766,0.38333333333333336,-1
4814,38882,13.652888888888544,0.38333333333333336,-1
4815,38883,13.656666666666322,0.38333333333333336,-1
4816,38884,13.6604444444441,0.38333333333333336,-1
4817,38885,13.664222222221877,0.38333333333333336,-1
4818,38886,13.667999999999655,0.38333333333333336,-1
4819,38887,13.671777777777432,0.38333333333333336,-1
4820,38888,13.67555555555521,0.38333333333333336,-1
4821,38889,13.679333333332988,0.38333333333333336,-1
4822,38890,13.683111111110765,0.38333333333333336,-1
4823,38891,13.686888888888543,0.38333333333333336,-1
4824,38892,13.69066666666632,0.38333333333333336,-1
4825,38893,13.694444444444098,0.38333333333333336,-1
4826,38894,13.698222222221876,0.38333333333333336,-1
4827,38895,13.698222222221876,0.43333333333333335,84621
4828,38896,13.698222222221876,0.43333333333333335,84621
4829,38897,13.698222222221876,0.43333333333333335,84621
4830,38898,13.698222222221876,0.43333333333333335,84621
4831,38899,13.698222222221876,0.43333333333333335,84621
4832,38900,13.698222222221876,0.43333333333333335,84621
4833,38901,13.698222222221876,0.43333333333333335,84621
4834,38902,13.698222222221876,0.43333333333333335,84621
4835,38903,13.698222222221876,0.43333333333333335,84621
4836,38904,13.698222222221876,0.43333333333333335,84621
4837,38905,13.698222222221876,0.43333333333333335,84621
4838,38906,13.698222222221876,0.43333333333333335,84621
4839,38907,13.698222222221876,0.43333333333333335,84621
4840,38908,13.698222222221876,0.43333333333333335,84621
4841,38909,13.698222222221876,0.43333333333333335,84621
4842,38910,13.698222222221876,0.43333333333333335,84621
4843,38911,13.698222222221876,0.43333333333333335,84621
4844,38912,13.698222222221876,0.43333333333333335,84621
4845,38913,13.698222222221876,0.43333333333333335,84621
4846,38914,13.698222222221876,0.43333333333333335,84621
4847,38915,13.698222222221876,0.43333333333333335,84621
4848,38916,13.698222222221876,0.43333333333333335,84621
4849,38917,13.698222222221876,0.43333333333333335,84621
4850,38918,13.698222222221876,0.43333333333333335,84621
4851,38919,13.698222222221876,0.43333333333333335,84621
4852,38920,13.698222222221876,0.43333333333333335,84621
4853,38921,13.698222222221876,0.43333333333333335,84621
4854,38922,13.698222222221876,0.43333333333333335,84621
4855,38923,13.698222222221876,0.43333333333333335,84621
4856,38924,13.698222222221876,0.43333333333333335,84621
4857,38925,13.698222222221876,0.43333333333333335,84621
4858,38926,13.698222222221876,0.43333333333333335,84621
4859,38927,13.698222222221876,0.43333333333333335,84621
4860,38928,13.698222222221876,0.43333333333333335,84621
4861,38929,13.698222222221876,0.43333333333333335,84621
4862,38930,13.698222222221876,0.43333333333333335,84621
4863,38931,13.701999999999654,0.43333333333333335,-1
4864,38932,13.705777777777431,0.43333333333333335,-1
4865,38933,13.709555555555209,0.43333333333333335,-1
4866,38934,13.713333333332987,0.43333333333333335,-1
4867,38935,13.717111111110764,0.43333333333333335,-1
4868,38936,13.720888888888542,0.43333333333333335,-1
4869,38937,13.72466666666632,0.43333333333333335,-1
4870,38938,13.728444444444097,0.43333333333333335,-1
4871,38939,13.732222222221875,0.43333333333333335,-1
4872,38940,13.735999999999652,0.43333333333333335,-1
4873,38941,13.73977777777743,0.43333333333333335,-1
4874,38942,13.743555555555208,0.43333333333333335,-1
4875,38943,13.747333333332985,0.43333333333333335,-1
4876,38944,13.751111111110763,0.43333333333333335,-1
4877,38945,13.75488888888854,0.43333333333333335,-1
4878,38946,13.758666666666318,0.43333333333333335,-1
4879,38947,13.762444444444096,0.43333333333333335,-1
4880,38948,13.766222222221874,0.43333333333333335,-1
4881,38949,13.769999999999651,0.43333333333333335,-1
4882,38950,13.773777777777429,0.43333333333333335,-1
4883,38951,13.777555555555207,0.43333333333333335,-1
4884,38952,13.781333333332984,0.43333333333333335,-1
4885,38953,13.785111111110762,0.43333333333333335,-1
4886,38954,13.78888888888854,0.43333333333333335,-1
4887,38955,13.792666666666317,0.43333333333333335,-1
4888,38956,13.796444444444095,0.43333333333333335,-1
4889,38957,13.800222222221873,0.43333333333333335,-1
4890,38958,13.80399999999965,0.43333333333333335,-1
4891,38959,13.807777777777428,0.43333333333333335,-1
4892,38960,13.811555555555206,0.43333333333333335,-1
4893,38961,13.815333333332983,0.43333333333333335,-1
4894,38962,13.819111111110761,0.43333333333333335,-1
4895,38963,13.822888888888539,0.43333333333333335,-1
4896,38964,13.826666666666316,0.43333333333333335,-1
4897,38965,13.830444444444094,0.43333333333333335,-1
4898,38966,13.834222222221872,0.43333333333333335,-1
4899,38967,13.83799999999965,0.43333333333333335,-1
4900,38968,13.841777777777427,0.43333333333333335,-1
4901,38969,13.845555555555205,0.43333333333333335,-1
4902,38970,13.849333333332982,0.43333333333333335,-1
4903,38971,13.85311111111076,0.43333333333333335,-1
4904,38972,13.856888888888538,0.43333333333333335,-1
4905,38973,13.860666666666315,0.43333333333333335,-1
4906,38974,13.864444444444093,0.43333333333333335,-1
4907,38975,13.86822222222187,0.43333333333333335,-1
4908,38976,13.871999999999648,0.43333333333333335,-1
4909,38977,13.875777777777426,0.43333333333333335,-1
4910,38978,13.879555555555203,0.43333333333333335,-1
4911,38979,13.883333333332981,0.43333333333333335,-1
4912,38980,13.887111111110759,0.43333333333333335,-1
4913,38981,13.890888888888536,0.43333333333333335,-1
4914,38982,13.894666666666314,0.43333333333333335,-1
4915,38983,13.898444444444092,0.43333333333333335,-1
4916,38984,13.90222222222187,0.43333333333333335,-1
4917,38985,13.905999999999647,0.43333333333333335,-1
4918,38986,13.909777777777425,0.43333333333333335,-1
4919,38987,13.913555555555202,0.43333333333333335,-1
4920,38988,13.91733333333298,0.43333333333333335,-1
4921,38989,13.921111111110758,0.43333333333333335,-1
4922,38990,13.924888888888535,0.43333333333333335,-1
4923,38991,13.928666666666313,0.43333333333333335,-1
4924,38992,13.93244444444409,0.43333333333333335,-1
4925,38993,13.936222222221868,0.43333333333333335,-1
4926,38994,13.939999999999646,0.43333333333333335,-1
4927,38995,13.943777777777424,0.43333333333333335,-1
4928,38996,13.947555555555201,0.43333333333333335,-1
4929,38997,13.951333333332979,0.43333333333333335,-1
4930,38998,13.955111111110757,0.43333333333333335,-1
4931,38999,13.958888888888534,0.43333333333333335,-1
4932,39000,13.962666666666312,0.43333333333333335,-1
4933,39001,13.96644444444409,0.43333333333333335,-1
4934,39002,13.970222222221867,0.43333333333333335,-1
4935,39003,13.973999999999645,0.43333333333333335,-1
4936,39004,13.977777777777423,0.43333333333333335,-1
4937,39005,13.9815555555552,0.43333333333333335,-1
4938,39006,13.985333333332978,0.43333333333333335,-1
4939,39007,13.989111111110756,0.43333333333333335,-1
4940,39008,13.992888888888533,0.43333333333333335,-1
4941,39009,13.99666666666631,0.43333333333333335,-1
4942,39010,14.000444444444089,0.43333333333333335,-1
4943,39011,14.004222222221866,0.43333333333333335,-1
4944,39012,14.007999999999644,0.43333333333333335,-1
4945,39013,14.011777777777422,0.43333333333333335,-1
4946,39014,14.0155555555552,0.43333333333333335,-1
4947,39015,14.019333333332977,0.43333333333333335,-1
4948,39016,14.023111111110754,0.43333333333333335,-1
4949,39017,14.026888888888532,0.43333333333333335,-1
4950,39018,14.03066666666631,0.43333333333333335,-1
4951,39019,14.034444444444087,0.43333333333333335,-1
4952,39020,14.038222222221865,0.43333333333333335,-1
4953,39021,14.041999999999643,0.43333333333333335,-1
4954,39022,14.04577777777742,0.43333333333333335,-1
4955,39023,14.049555555555198,0.43333333333333335,-1
4956,39024,14.053333333332976,0.43333333333333335,-1
4957,39025,14.057111111110753,0.43333333333333335,-1
4958,39026,14.060888888888531,0.43333333333333335,-1
4959,39027,14.064666666666309,0.43333333333333335,-1
4960,39028,14.068444444444086,0.43333333333333335,-1
4961,39029,14.072222222221864,0.43333333333333335,-1
4962,39030,14.075999999999642,0.43333333333333335,-1
4963,39031,14.07977777777742,0.43333333333333335,-1
4964,39032,14.083555555555197,0.43333333333333335,-1
4965,39033,14.087333333332975,0.43333333333333335,-1
4966,39034,14.091111111110752,0.43333333333333335,-1
4967,39035,14.09488888888853,0.43333333333333335,-1
4968,39036,14.09488888888853,0.44166666666666665,84611
4969,39037,14.09488888888853,0.44166666666666665,84611
4970,39038,14.09488888888853,0.44166666666666665,84611
4971,39039,14.09488888888853,0.44166666666666665,84611
4972,39040,14.098666666666308,0.44166666666666665,-1
4973,39041,14.102444444444085,0.44166666666666665,-1
4974,39042,14.106222222221863,0.44166666666666665,-1
4975,39043,14.10999999999964,0.44166666666666665,-1
4976,39044,14.113777777777418,0.44166666666666665,-1
4977,39045,14.117555555555196,0.44166666666666665,-1
4978,39046,14.121333333332974,0.44166666666666665,-1
4979,39047,14.125111111110751,0.44166666666666665,-1
4980,39048,14.128888888888529,0.44166666666666665,-1
4981,39049,14.132666666666307,0.44166666666666665,-1
4982,39050,14.136444444444084,0.44166666666666665,-1
4983,39051,14.140222222221862,0.44166666666666665,-1
4984,39052,14.14399999999964,0.44166666666666665,-1
4985,39053,14.147777777777417,0.44166666666666665,-1
4986,39054,14.151555555555195,0.44166666666666665,-1
4987,39055,14.155333333332973,0.44166666666666665,-1
4988,39056,14.15911111111075,0.44166666666666665,-1
4989,39057,14.162888888888528,0.44166666666666665,-1
4990,39058,14.166666666666305,0.44166666666666665,-1
4991,39059,14.170444444444083,0.44166666666666665,-1
4992,39060,14.17422222222186,0.44166666666666665,-1
4993,39061,14.177999999999638,0.44166666666666665,-1
4994,39062,14.181777777777416,0.44166666666666665,-1
4995,39063,14.185555555555194,0.44166666666666665,-1
4996,39064,14.189333333332971,0.44166666666666665,-1
4997,39065,14.193111111110749,0.44166666666666665,-1
4998,39066,14.196888888888527,0.44166666666666665,-1
4999,39067,14.200666666666304,0.44166666666666665,-1
5000,39068,14.204444444444082,0.44166666666666665,-1
5001,39069,14.20822222222186,0.44166666666666665,-1
5002,39070,14.211999999999637,0.44166666666666665,-1
5003,39071,14.215777777777415,0.44166666666666665,-1
5004,39072,14.219555555555193,0.44166666666666665,-1
5005,39073,14.22333333333297,0.44166666666666665,-1
5006,39074,14.227111111110748,0.44166666666666665,-1
5007,39075,14.230888888888526,0.44166666666666665,-1
5008,39076,14.234666666666303,0.44166666666666665,-1
5009,39077,14.238444444444081,0.44166666666666665,-1
5010,39078,14.242222222221859,0.44166666666666665,-1
5011,39079,14.245999999999636,0.44166666666666665,-1
5012,39080,14.249777777777414,0.44166666666666665,-1
5013,39081,14.253555555555192,0.44166666666666665,-1
5014,39082,14.25733333333297,0.44166666666666665,-1
5015,39083,14.261111111110747,0.44166666666666665,-1
5016,39084,14.264888888888525,0.44166666666666665,-1
5017,39085,14.268666666666302,0.44166666666666665,-1
5018,39086,14.27244444444408,0.44166666666666665,-1
5019,39087,14.276222222221858,0.44166666666666665,-1
5020,39088,14.279999999999635,0.44166666666666665,-1
5021,39089,14.283777777777413,0.44166666666666665,-1
5022,39090,14.28755555555519,0.44166666666666665,-1
5023,39091,14.291333333332968,0.44166666666666665,-1
5024,39092,14.295111111110746,0.44166666666666665,-1
5025,39093,14.295111111110746,0.48333333333333334,84631
5026,39094,14.295111111110746,0.48333333333333334,84631
5027,39095,14.295111111110746,0.48333333333333334,84631
5028,39096,14.295111111110746,0.48333333333333334,84631
5029,39097,14.295111111110746,0.48333333333333334,84631
5030,39098,14.295111111110746,0.48333333333333334,84631
5031,39099,14.295111111110746,0.48333333333333334,84631
5032,39100,14.295111111110746,0.48333333333333334,84631
5033,39101,14.295111111110746,0.48333333333333334,84631
5034,39102,14.295111111110746,0.48333333333333334,84631
5035,39103,14.295111111110746,0.48333333333333334,84631
5036,39104,14.295111111110746,0.48333333333333334,84631
5037,39105,14.295111111110746,0.48333333333333334,84631
5038,39106,14.295111111110746,0.48333333333333334,84631
5039,39107,14.295111111110746,0.48333333333333334,84631
5040,39108,14.295111111110746,0.48333333333333334,84631
5041,39109,14.298888888888523,0.48333333333333334,-1
5042,39110,14.302666666666301,0.48333333333333334,-1
5043,39111,14.306444444444079,0.48333333333333334,-1
5044,39112,14.310222222221856,0.48333333333333334,-1
5045,39113,14.313999999999634,0.48333333333333334,-1
5046,39114,14.317777777777412,0.48333333333333334,-1
5047,39115,14.32155555555519,0.48333333333333334,-1
5048,39116,14.325333333332967,0.48333333333333334,-1
5049,39117,14.329111111110745,0.48333333333333334,-1
5050,39118,14.332888888888522,0.48333333333333334,-1
5051,39119,14.3366666666663,0.48333333333333334,-1
5052,39120,14.340444444444078,0.48333333333333334,-1
5053,39121,14.344222222221855,0.48333333333333334,-1
5054,39122,14.347999999999633,0.48333333333333334,-1
5055,39123,14.35177777777741,0.48333333333333334,-1
5056,39124,14.355555555555188,0.48333333333333334,-1
5057,39125,14.359333333332966,0.48333333333333334,-1
5058,39126,14.363111111110744,0.48333333333333334,-1
5059,39127,14.366888888888521,0.48333333333333334,-1
5060,39128,14.370666666666299,0.48333333333333334,-1
5061,39129,14.374444444444077,0.48333333333333334,-1
5062,39130,14.378222222221854,0.48333333333333334,-1
5063,39131,14.381999999999632,0.48333333333333334,-1
5064,39132,14.38577777777741,0.48333333333333334,-1
5065,39133,14.389555555555187,0.48333333333333334,-1
5066,39134,14.393333333332965,0.48333333333333334,-1
5067,39135,14.397111111110743,0.48333333333333334,-1
5068,39136,14.40088888888852,0.48333333333333334,-1
5069,39137,14.404666666666298,0.48333333333333334,-1
5070,39138,14.408444444444076,0.48333333333333334,-1
5071,39139,14.412222222221853,0.48333333333333334,-1
5072,39140,14.41599999999963,0.48333333333333334,-1
5073,39141,14.419777777777409,0.48333333333333334,-1
5074,39142,14.423555555555186,0.48333333333333334,-1
5075,39143,14.427333333332964,0.48333333333333334,-1
5076,39144,14.431111111110742,0.48333333333333334,-1
5077,39145,14.43488888888852,0.48333333333333334,-1
5078,39146,14.438666666666297,0.48333333333333334,-1
5079,39147,14.442444444444074,0.48333333333333334,-1
5080,39148,14.446222222221852,0.48333333333333334,-1
5081,39149,14.44999999999963,0.48333333333333334,-1
5082,39150,14.453777777777407,0.48333333333333334,-1
5083,39151,14.457555555555185,0.48333333333333334,-1
5084,39152,14.461333333332963,0.48333333333333334,-1
5085,39153,14.46511111111074,0.48333333333333334,-1
5086,39154,14.468888888888518,0.48333333333333334,-1
5087,39155,14.472666666666296,0.48333333333333334,-1
5088,39156,14.476444444444073,0.48333333333333334,-1
5089,39157,14.480222222221851,0.48333333333333334,-1
5090,39158,14.483999999999629,0.48333333333333334,-1
5091,39159,14.487777777777406,0.48333333333333334,-1
5092,39160,14.491555555555184,0.48333333333333334,-1
5093,39161,14.495333333332962,0.48333333333333334,-1
5094,39162,14.495333333332962,0.475,84601
5095,39163,14.495333333332962,0.475,84601
5096,39164,14.495333333332962,0.475,84601
5097,39165,14.49911111111074,0.475,-1
5098,39166,14.502888888888517,0.475,-1
5099,39167,14.506666666666295,0.475,-1
5100,39168,14.510444444444072,0.475,-1
5101,39169,14.51422222222185,0.475,-1
5102,39170,14.517999999999628,0.475,-1
5103,39171,14.521777777777405,0.475,-1
5104,39172,14.525555555555183,0.475,-1
5105,39173,14.52933333333296,0.475,-1
5106,39174,14.533111111110738,0.475,-1
5107,39175,14.536888888888516,0.475,-1
5108,39176,14.540666666666294,0.475,-1
5109,39177,14.544444444444071,0.475,-1
5110,39178,14.548222222221849,0.475,-1
5111,39179,14.551999999999627,0.475,-1
5112,39180,14.555777777777404,0.475,-1
5113,39181,14.559555555555182,0.475,-1
5114,39182,14.56333333333296,0.475,-1
5115,39183,14.567111111110737,0.475,-1
5116,39184,14.570888888888515,0.475,-1
5117,39185,14.574666666666293,0.475,-1
5118,39186,14.57844444444407,0.475,-1
5119,39187,14.582222222221848,0.475,-1
5120,39188,14.585999999999625,0.475,-1
5121,39189,14.589777777777403,0.475,-1
5122,39190,14.59355555555518,0.475,-1
5123,39191,14.597333333332958,0.475,-1
5124,39192,14.601111111110736,0.475,-1
5125,39193,14.604888888888514,0.475,-1
5126,39194,14.608666666666291,0.475,-1
5127,39195,14.612444444444069,0.475,-1
5128,39196,14.616222222221847,0.475,-1
5129,39197,14.619999999999624,0.475,-1
5130,39198,14.623777777777402,0.475,-1
5131,39199,14.62755555555518,0.475,-1
5132,39200,14.631333333332957,0.475,-1
5133,39201,14.635111111110735,0.475,-1
5134,39202,14.638888888888513,0.475,-1
5135,39203,14.64266666666629,0.475,-1
5136,39204,14.646444444444068,0.475,-1
5137,39205,14.650222222221846,0.475,-1
5138,39206,14.653999999999623,0.475,-1
5139,39207,14.657777777777401,0.475,-1
5140,39208,14.661555555555179,0.475,-1
5141,39209,14.665333333332956,0.475,-1
5142,39210,14.669111111110734,0.475,-1
5143,39211,14.672888888888512,0.475,-1
5144,39212,14.67666666666629,0.475,-1
5145,39213,14.680444444444067,0.475,-1
5146,39214,14.684222222221845,0.475,-1
5147,39215,14.687999999999622,0.475,-1
5148,39216,14.6917777777774,0.475,-1
5149,39217,14.695555555555178,0.475,-1
5150,39218,14.699333333332955,0.475,-1
5151,39219,14.703111111110733,0.475,-1
5152,39220,14.70688888888851,0.475,-1
5153,39221,14.710666666666288,0.475,-1
5154,39222,14.714444444444066,0.475,-1
5155,39223,14.718222222221844,0.475,-1
5156,39224,14.721999999999621,0.475,-1
5157,39225,14.725777777777399,0.475,-1
5158,39226,14.729555555555176,0.475,-1
5159,39227,14.733333333332954,0.475,-1
5160,39228,14.737111111110732,0.475,-1
5161,39229,14.74088888888851,0.475,-1
5162,39230,14.744666666666287,0.475,-1
5163,39231,14.748444444444065,0.475,-1
5164,39232,14.752222222221842,0.475,-1
5165,39233,14.75599999999962,0.475,-1
5166,39234,14.759777777777398,0.475,-1
5167,39235,14.763555555555175,0.475,-1
5168,39236,14.767333333332953,0.475,-1
5169,39237,14.77111111111073,0.475,-1
5170,39238,14.774888888888508,0.475,-1
5171,39239,14.778666666666286,0.475,-1
5172,39240,14.782444444444064,0.475,-1
5173,39241,14.786222222221841,0.475,-1
5174,39242,14.789999999999619,0.475,-1
5175,39243,14.793777777777397,0.475,-1
5176,39244,14.797555555555174,0.475,-1
5177,39245,14.801333333332952,0.475,-1
5178,39246,14.80511111111073,0.475,-1
5179,39247,14.808888888888507,0.475,-1
5180,39248,14.812666666666285,0.475,-1
5181,39249,14.816444444444063,0.475,-1
5182,39250,14.82022222222184,0.475,-1
5183,39251,14.823999999999618,0.475,-1
5184,39252,14.827777777777396,0.475,-1
5185,39253,14.831555555555173,0.475,-1
5186,39254,14.835333333332951,0.475,-1
5187,39255,14.839111111110729,0.475,-1
5188,39256,14.842888888888506,0.475,-1
5189,39257,14.846666666666284,0.475,-1
5190,39258,14.850444444444062,0.475,-1
5191,39259,14.85422222222184,0.475,-1
5192,39260,14.857999999999617,0.475,-1
5193,39261,14.861777777777395,0.475,-1
5194,39262,14.865555555555172,0.475,-1
5195,39263,14.86933333333295,0.475,-1
5196,39264,14.873111111110727,0.475,-1
5197,39265,14.876888888888505,0.475,-1
5198,39266,14.880666666666283,0.475,-1
5199,39267,14.88444444444406,0.475,-1
5200,39268,14.888222222221838,0.475,-1
5201,39269,14.891999999999616,0.475,-1
5202,39270,14.895777777777393,0.475,-1
5203,39271,14.895777777777393,0.4666666666666667,75341
5204,39272,14.895777777777393,0.4666666666666667,75341
5205,39273,14.895777777777393,0.4666666666666667,75341
5206,39274,14.895777777777393,0.4666666666666667,75341
5207,39275,14.895777777777393,0.4666666666666667,75341
5208,39276,14.895777777777393,0.4666666666666667,75341
5209,39277,14.895777777777393,0.4666666666666667,75341
5210,39278,14.895777777777393,0.4666666666666667,75341
5211,39279,14.895777777777393,0.4666666666666667,75341
5212,39280,14.895777777777393,0.4666666666666667,75341
5213,39281,14.895777777777393,0.4666666666666667,75341
5214,39282,14.895777777777393,0.4666666666666667,75341
5215,39283,14.895777777777393,0.4666666666666667,75341
5216,39284,14.895777777777393,0.4666666666666667,75341
5217,39285,14.895777777777393,0.4666666666666667,75341
5218,39286,14.895777777777393,0.4666666666666667,75341
5219,39287,14.899555555555171,0.4666666666666667,-1
5220,39288,14.903333333332949,0.4666666666666667,-1
5221,39289,14.907111111110726,0.4666666666666667,-1
5222,39290,14.910888888888504,0.4666666666666667,-1
5223,39291,14.914666666666282,0.4666666666666667,-1
5224,39292,14.91844444444406,0.4666666666666667,-1
5225,39293,14.922222222221837,0.4666666666666667,-1
5226,39294,14.925999999999615,0.4666666666666667,-1
5227,39295,14.929777777777392,0.4666666666666667,-1
5228,39296,14.93355555555517,0.4666666666666667,-1
5229,39297,14.937333333332948,0.4666666666666667,-1
5230,39298,14.941111111110725,0.4666666666666667,-1
5231,39299,14.944888888888503,0.4666666666666667,-1
5232,39300,14.94866666666628,0.4666666666666667,-1
5233,39301,14.952444444444058,0.4666666666666667,-1
5234,39302,14.956222222221836,0.4666666666666667,-1
5235,39303,14.959999999999614,0.4666666666666667,-1
5236,39304,14.963777777777391,0.4666666666666667,-1
5237,39305,14.967555555555169,0.4666666666666667,-1
5238,39306,14.971333333332947,0.4666666666666667,-1
5239,39307,14.975111111110724,0.4666666666666667,-1
5240,39308,14.978888888888502,0.4666666666666667,-1
5241,39309,14.98266666666628,0.4666666666666667,-1
5242,39310,14.986444444444057,0.4666666666666667,-1
5243,39311,14.990222222221835,0.4666666666666667,-1
5244,39312,14.993999999999613,0.4666666666666667,-1
5245,39313,14.99777777777739,0.4666666666666667,-1
5246,39314,15.001555555555168,0.4666666666666667,-1
5247,39315,15.005333333332946,0.4666666666666667,-1
5248,39316,15.009111111110723,0.4666666666666667,-1
5249,39317,15.0128888888885,0.4666666666666667,-1
5250,39318,15.016666666666278,0.4666666666666667,-1
5251,39319,15.020444444444056,0.4666666666666667,-1
5252,39320,15.024222222221834,0.4666666666666667,-1
5253,39321,15.027999999999611,0.4666666666666667,-1
5254,39322,15.031777777777389,0.4666666666666667,-1
5255,39323,15.035555555555167,0.4666666666666667,-1
5256,39324,15.039333333332944,0.4666666666666667,-1
5257,39325,15.043111111110722,0.4666666666666667,-1
5258,39326,15.0468888888885,0.4666666666666667,-1
5259,39327,15.050666666666277,0.4666666666666667,-1
5260,39328,15.054444444444055,0.4666666666666667,-1
5261,39329,15.058222222221833,0.4666666666666667,-1
5262,39330,15.06199999999961,0.4666666666666667,-1
5263,39331,15.065777777777388,0.4666666666666667,-1
5264,39332,15.069555555555166,0.4666666666666667,-1
5265,39333,15.073333333332943,0.4666666666666667,-1
5266,39334,15.077111111110721,0.4666666666666667,-1
5267,39335,15.080888888888499,0.4666666666666667,-1
5268,39336,15.084666666666276,0.4666666666666667,-1
5269,39337,15.088444444444054,0.4666666666666667,-1
5270,39338,15.092222222221832,0.4666666666666667,-1
5271,39339,15.09599999999961,0.4666666666666667,-1
5272,39340,15.099777777777387,0.4666666666666667,-1
5273,39341,15.103555555555165,0.4666666666666667,-1
5274,39342,15.107333333332942,0.4666666666666667,-1
5275,39343,15.11111111111072,0.4666666666666667,-1
5276,39344,15.114888888888498,0.4666666666666667,-1
5277,39345,15.118666666666275,0.4666666666666667,-1
5278,39346,15.122444444444053,0.4666666666666667,-1
5279,39347,15.12622222222183,0.4666666666666667,-1
5280,39348,15.129999999999608,0.4666666666666667,-1
5281,39349,15.133777777777386,0.4666666666666667,-1
5282,39350,15.137555555555164,0.4666666666666667,-1
5283,39351,15.141333333332941,0.4666666666666667,-1
5284,39352,15.145111111110719,0.4666666666666667,-1
5285,39353,15.148888888888496,0.4666666666666667,-1
5286,39354,15.152666666666274,0.4666666666666667,-1
5287,39355,15.156444444444052,0.4666666666666667,-1
5288,39356,15.16022222222183,0.4666666666666667,-1
5289,39357,15.163999999999607,0.4666666666666667,-1
5290,39358,15.167777777777385,0.4666666666666667,-1
5291,39359,15.171555555555162,0.4666666666666667,-1
5292,39360,15.17533333333294,0.4666666666666667,-1
5293,39361,15.179111111110718,0.4666666666666667,-1
5294,39362,15.182888888888495,0.4666666666666667,-1
5295,39363,15.186666666666273,0.4666666666666667,-1
5296,39364,15.19044444444405,0.4666666666666667,-1
5297,39365,15.194222222221828,0.4666666666666667,-1
5298,39366,15.197999999999606,0.4666666666666667,-1
5299,39367,15.201777777777384,0.4666666666666667,-1
5300,39368,15.205555555555161,0.4666666666666667,-1
5301,39369,15.209333333332939,0.4666666666666667,-1
5302,39370,15.213111111110717,0.4666666666666667,-1
5303,39371,15.216888888888494,0.4666666666666667,-1
5304,39372,15.220666666666272,0.4666666666666667,-1
5305,39373,15.22444444444405,0.4666666666666667,-1
5306,39374,15.228222222221827,0.4666666666666667,-1
5307,39375,15.231999999999605,0.4666666666666667,-1
5308,39376,15.235777777777383,0.4666666666666667,-1
5309,39377,15.23955555555516,0.4666666666666667,-1
5310,39378,15.243333333332938,0.4666666666666667,-1
5311,39379,15.247111111110716,0.4666666666666667,-1
5312,39380,15.250888888888493,0.4666666666666667,-1
5313,39381,15.254666666666271,0.4666666666666667,-1
5314,39382,15.258444444444049,0.4666666666666667,-1
5315,39383,15.262222222221826,0.4666666666666667,-1
5316,39384,15.265999999999604,0.4666666666666667,-1
5317,39385,15.269777777777382,0.4666666666666667,-1
5318,39386,15.27355555555516,0.4666666666666667,-1
5319,39387,15.277333333332937,0.4666666666666667,-1
5320,39388,15.281111111110715,0.4666666666666667,-1
5321,39389,15.284888888888492,0.4666666666666667,-1
5322,39390,15.28866666666627,0.4666666666666667,-1
5323,39391,15.292444444444047,0.4666666666666667,-1
5324,39392,15.296222222221825,0.4666666666666667,-1
5325,39393,15.296222222221825,0.45,75061
5326,39394,15.296222222221825,0.45,75061
5327,39395,15.296222222221825,0.45,75061
5328,39396,15.296222222221825,0.45,75061
5329,39397,15.296222222221825,0.45,75061
5330,39398,15.299999999999603,0.45,-1
5331,39399,15.30377777777738,0.45,-1
5332,39400,15.307555555555158,0.45,-1
5333,39401,15.311333333332936,0.45,-1
5334,39402,15.315111111110713,0.45,-1
5335,39403,15.318888888888491,0.45,-1
5336,39404,15.322666666666269,0.45,-1
5337,39405,15.326444444444046,0.45,-1
5338,39406,15.330222222221824,0.45,-1
5339,39407,15.333999999999602,0.45,-1
5340,39408,15.33777777777738,0.45,-1
5341,39409,15.341555555555157,0.45,-1
5342,39410,15.345333333332935,0.45,-1
5343,39411,15.349111111110712,0.45,-1
5344,39412,15.35288888888849,0.45,-1
5345,39413,15.356666666666268,0.45,-1
5346,39414,15.360444444444045,0.45,-1
5347,39415,15.364222222221823,0.45,-1
5348,39416,15.3679999999996,0.45,-1
5349,39417,15.371777777777378,0.45,-1
5350,39418,15.375555555555156,0.45,-1
5351,39419,15.379333333332934,0.45,-1
5352,39420,15.383111111110711,0.45,-1
5353,39421,15.386888888888489,0.45,-1
5354,39422,15.390666666666267,0.45,-1
5355,39423,15.394444444444044,0.45,-1
5356,39424,15.398222222221822,0.45,-1
5357,39425,15.4019999999996,0.45,-1
5358,39426,15.405777777777377,0.45,-1
5359,39427,15.409555555555155,0.45,-1
5360,39428,15.413333333332933,0.45,-1
5361,39429,15.41711111111071,0.45,-1
5362,39430,15.420888888888488,0.45,-1
5363,39431,15.424666666666266,0.45,-1
5364,39432,15.428444444444043,0.45,-1
5365,39433,15.43222222222182,0.45,-1
5366,39434,15.435999999999598,0.45,-1
5367,39435,15.439777777777376,0.45,-1
5368,39436,15.443555555555154,0.45,-1
5369,39437,15.447333333332931,0.45,-1
5370,39438,15.45111111111071,0.45,-1
5371,39439,15.454888888888487,0.45,-1
5372,39440,15.458666666666264,0.45,-1
5373,39441,15.462444444444042,0.45,-1
5374,39442,15.46622222222182,0.45,-1
5375,39443,15.469999999999597,0.45,-1
5376,39444,15.473777777777375,0.45,-1
5377,39445,15.477555555555153,0.45,-1
5378,39446,15.48133333333293,0.45,-1
5379,39447,15.485111111110708,0.45,-1
5380,39448,15.488888888888486,0.45,-1
5381,39449,15.492666666666263,0.45,-1
5382,39450,15.496444444444041,0.45,-1
5383,39451,15.500222222221819,0.45,-1
5384,39452,15.503999999999596,0.45,-1
5385,39453,15.507777777777374,0.45,-1
5386,39454,15.511555555555152,0.45,-1
5387,39455,15.51533333333293,0.45,-1
5388,39456,15.519111111110707,0.45,-1
5389,39457,15.522888888888485,0.45,-1
5390,39458,15.526666666666262,0.45,-1
5391,39459,15.53044444444404,0.45,-1
5392,39460,15.534222222221818,0.45,-1
5393,39461,15.537999999999595,0.45,-1
5394,39462,15.541777777777373,0.45,-1
5395,39463,15.54555555555515,0.45,-1
5396,39464,15.549333333332928,0.45,-1
5397,39465,15.553111111110706,0.45,-1
5398,39466,15.556888888888484,0.45,-1
5399,39467,15.560666666666261,0.45,-1
5400,39468,15.564444444444039,0.45,-1
5401,39469,15.568222222221817,0.45,-1
5402,39470,15.571999999999594,0.45,-1
5403,39471,15.575777777777372,0.45,-1
5404,39472,15.57955555555515,0.45,-1
5405,39473,15.583333333332927,0.45,-1
5406,39474,15.587111111110705,0.45,-1
5407,39475,15.590888888888482,0.45,-1
5408,39476,15.59466666666626,0.45,-1
5409,39477,15.598444444444038,0.45,-1
5410,39478,15.602222222221815,0.45,-1
5411,39479,15.605999999999593,0.45,-1
5412,39480,15.60977777777737,0.45,-1
5413,39481,15.613555555555148,0.45,-1
5414,39482,15.617333333332926,0.45,-1
5415,39483,15.621111111110704,0.45,-1
5416,39484,15.624888888888481,0.45,-1
5417,39485,15.628666666666259,0.45,-1
5418,39486,15.632444444444037,0.45,-1
5419,39487,15.636222222221814,0.45,-1
5420,39488,15.639999999999592,0.45,-1
5421,39489,15.64377777777737,0.45,-1
5422,39490,15.647555555555147,0.45,-1
5423,39491,15.651333333332925,0.45,-1
5424,39492,15.655111111110703,0.45,-1
5425,39493,15.65888888888848,0.45,-1
5426,39494,15.662666666666258,0.45,-1
5427,39495,15.666444444444036,0.45,-1
5428,39496,15.670222222221813,0.45,-1
5429,39497,15.673999999999591,0.45,-1
5430,39498,15.677777777777369,0.45,-1
5431,39499,15.681555555555146,0.45,-1
5432,39500,15.685333333332924,0.45,-1
5433,39501,15.689111111110702,0.45,-1
5434,39502,15.69288888888848,0.45,-1
5435,39503,15.696666666666257,0.45,-1
5436,39504,15.700444444444035,0.45,-1
5437,39505,15.704222222221812,0.45,-1
5438,39506,15.70799999999959,0.45,-1
5439,39507,15.711777777777368,0.45,-1
5440,39508,15.715555555555145,0.45,-1
5441,39509,15.719333333332923,0.45,-1
5442,39510,15.7231111111107,0.45,-1
5443,39511,15.726888888888478,0.45,-1
5444,39512,15.730666666666256,0.45,-1
5445,39513,15.734444444444033,0.45,-1
5446,39514,15.738222222221811,0.45,-1
5447,39515,15.741999999999589,0.45,-1
5448,39516,15.745777777777366,0.45,-1
5449,39517,15.749555555555144,0.45,-1
5450,39518,15.753333333332922,0.45,-1
5451,39519,15.7571111111107,0.45,-1
5452,39520,15.760888888888477,0.45,-1
5453,39521,15.764666666666255,0.45,-1
5454,39522,15.768444444444032,0.45,-1
5455,39523,15.77222222222181,0.45,-1
5456,39524,15.775999999999588,0.45,-1
5457,39525,15.779777777777365,0.45,-1
5458,39526,15.783555555555143,0.45,-1
5459,39527,15.78733333333292,0.45,-1
5460,39528,15.791111111110698,0.45,-1
5461,39529,15.794888888888476,0.45,-1
5462,39530,15.798666666666254,0.45,-1
5463,39531,15.802444444444031,0.45,-1
5464,39532,15.806222222221809,0.45,-1
5465,39533,15.809999999999587,0.45,-1
5466,39534,15.813777777777364,0.45,-1
5467,39535,15.817555555555142,0.45,-1
5468,39536,15.82133333333292,0.45,-1
5469,39537,15.825111111110697,0.45,-1
5470,39538,15.828888888888475,0.45,-1
5471,39539,15.832666666666253,0.45,-1
5472,39540,15.83644444444403,0.45,-1
5473,39541,15.840222222221808,0.45,-1
5474,39542,15.843999999999586,0.45,-1
5475,39543,15.847777777777363,0.45,-1
5476,39544,15.85155555555514,0.45,-1
5477,39545,15.855333333332918,0.45,-1
5478,39546,15.859111111110696,0.45,-1
5479,39547,15.862888888888474,0.45,-1
5480,39548,15.866666666666251,0.45,-1
5481,39549,15.87044444444403,0.45,-1
5482,39550,15.874222222221807,0.45,-1
5483,39551,15.877999999999584,0.45,-1
5484,39552,15.881777777777362,0.45,-1
5485,39553,15.88555555555514,0.45,-1
5486,39554,15.889333333332917,0.45,-1
5487,39555,15.893111111110695,0.45,-1
5488,39556,15.896888888888473,0.45,-1
5489,39557,15.90066666666625,0.45,-1
5490,39558,15.904444444444028,0.45,-1
5491,39559,15.908222222221806,0.45,-1
5492,39560,15.911999999999583,0.45,-1
5493,39561,15.915777777777361,0.45,-1
5494,39562,15.919555555555139,0.45,-1
5495,39563,15.923333333332916,0.45,-1
5496,39564,15.927111111110694,0.45,-1
5497,39565,15.930888888888472,0.45,-1
5498,39566,15.93466666666625,0.45,-1
5499,39567,15.938444444444027,0.45,-1
5500,39568,15.942222222221805,0.45,-1
5501,39569,15.945999999999582,0.45,-1
5502,39570,15.94977777777736,0.45,-1
5503,39571,15.953555555555138,0.45,-1
5504,39572,15.957333333332915,0.45,-1
5505,39573,15.961111111110693,0.45,-1
5506,39574,15.96488888888847,0.45,-1
5507,39575,15.968666666666248,0.45,-1
5508,39576,15.972444444444026,0.45,-1
5509,39577,15.976222222221804,0.45,-1
5510,39578,15.979999999999581,0.45,-1
5511,39579,15.983777777777359,0.45,-1
5512,39580,15.987555555555137,0.45,-1
5513,39581,15.991333333332914,0.45,-1
5514,39582,15.995111111110692,0.45,-1
5515,39583,15.995111111110692,0.39166666666666666,76289
5516,39584,15.995111111110692,0.39166666666666666,76289
5517,39585,15.995111111110692,0.39166666666666666,76289
5518,39586,15.995111111110692,0.39166666666666666,76289
5519,39587,15.995111111110692,0.39166666666666666,76289
5520,39588,15.995111111110692,0.39166666666666666,76289
5521,39589,15.995111111110692,0.39166666666666666,76289
5522,39590,15.995111111110692,0.39166666666666666,76289
5523,39591,15.995111111110692,0.39166666666666666,76289
5524,39592,15.995111111110692,0.39166666666666666,76289
5525,39593,15.995111111110692,0.39166666666666666,76289
5526,39594,15.995111111110692,0.39166666666666666,76289
5527,39595,15.995111111110692,0.39166666666666666,76289
5528,39596,15.995111111110692,0.39166666666666666,76289
5529,39597,15.995111111110692,0.39166666666666666,76289
5530,39598,15.995111111110692,0.39166666666666666,76289
5531,39599,15.995111111110692,0.39166666666666666,76289
5532,39600,15.995111111110692,0.39166666666666666,76289
5533,39601,15.995111111110692,0.39166666666666666,76289
5534,39602,15.995111111110692,0.39166666666666666,76289
5535,39603,15.995111111110692,0.39166666666666666,76289
5536,39604,15.99888888888847,0.39166666666666666,-1
5537,39605,16.002666666666247,0.39166666666666666,-1
5538,39606,16.006444444444025,0.39166666666666666,-1
5539,39607,16.010222222221802,0.39166666666666666,-1
5540,39608,16.01399999999958,0.39166666666666666,-1
5541,39609,16.017777777777358,0.39166666666666666,-1
5542,39610,16.021555555555135,0.39166666666666666,-1
5543,39611,16.025333333332913,0.39166666666666666,-1
5544,39612,16.02911111111069,0.39166666666666666,-1
5545,39613,16.03288888888847,0.39166666666666666,-1
5546,39614,16.036666666666246,0.39166666666666666,-1
5547,39615,16.040444444444024,0.39166666666666666,-1
5548,39616,16.0442222222218,0.39166666666666666,-1
5549,39617,16.04799999999958,0.39166666666666666,-1
5550,39618,16.051777777777357,0.39166666666666666,-1
5551,39619,16.055555555555134,0.39166666666666666,-1
5552,39620,16.059333333332912,0.39166666666666666,-1
5553,39621,16.06311111111069,0.39166666666666666,-1
5554,39622,16.066888888888467,0.39166666666666666,-1
5555,39623,16.070666666666245,0.39166666666666666,-1
5556,39624,16.074444444444023,0.39166666666666666,-1
5557,39625,16.0782222222218,0.39166666666666666,-1
5558,39626,16.081999999999578,0.39166666666666666,-1
5559,39627,16.085777777777356,0.39166666666666666,-1
5560,39628,16.089555555555133,0.39166666666666666,-1
5561,39629,16.09333333333291,0.39166666666666666,-1
5562,39630,16.09711111111069,0.39166666666666666,-1
5563,39631,16.100888888888466,0.39166666666666666,-1
5564,39632,16.104666666666244,0.39166666666666666,-1
5565,39633,16.10844444444402,0.39166666666666666,-1
5566,39634,16.1122222222218,0.39166666666666666,-1
5567,39635,16.115999999999577,0.39166666666666666,-1
5568,39636,16.119777777777355,0.39166666666666666,-1
5569,39637,16.123555555555132,0.39166666666666666,-1
5570,39638,16.12733333333291,0.39166666666666666,-1
5571,39639,16.131111111110688,0.39166666666666666,-1
5572,39640,16.134888888888465,0.39166666666666666,-1
5573,39641,16.138666666666243,0.39166666666666666,-1
5574,39642,16.14244444444402,0.39166666666666666,-1
5575,39643,16.146222222221798,0.39166666666666666,-1
5576,39644,16.149999999999576,0.39166666666666666,-1
5577,39645,16.153777777777353,0.39166666666666666,-1
5578,39646,16.15755555555513,0.39166666666666666,-1
5579,39647,16.16133333333291,0.39166666666666666,-1
5580,39648,16.165111111110686,0.39166666666666666,-1
5581,39649,16.168888888888464,0.39166666666666666,-1
5582,39650,16.17266666666624,0.39166666666666666,-1
5583,39651,16.17644444444402,0.39166666666666666,-1
5584,39652,16.180222222221797,0.39166666666666666,-1
5585,39653,16.183999999999575,0.39166666666666666,-1
5586,39654,16.187777777777352,0.39166666666666666,-1
5587,39655,16.19155555555513,0.39166666666666666,-1
5588,39656,16.195333333332908,0.39166666666666666,-1
5589,39657,16.199111111110685,0.39166666666666666,-1
5590,39658,16.202888888888463,0.39166666666666666,-1
5591,39659,16.20666666666624,0.39166666666666666,-1
5592,39660,16.21044444444402,0.39166666666666666,-1
5593,39661,16.214222222221796,0.39166666666666666,-1
5594,39662,16.217999999999574,0.39166666666666666,-1
5595,39663,16.22177777777735,0.39166666666666666,-1
5596,39664,16.22555555555513,0.39166666666666666,-1
5597,39665,16.229333333332907,0.39166666666666666,-1
5598,39666,16.233111111110684,0.39166666666666666,-1
5599,39667,16.236888888888462,0.39166666666666666,-1
5600,39668,16.24066666666624,0.39166666666666666,-1
5601,39669,16.244444444444017,0.39166666666666666,-1
5602,39670,16.248222222221795,0.39166666666666666,-1
5603,39671,16.251999999999573,0.39166666666666666,-1
5604,39672,16.25577777777735,0.39166666666666666,-1
5605,39673,16.259555555555128,0.39166666666666666,-1
5606,39674,16.263333333332906,0.39166666666666666,-1
5607,39675,16.267111111110683,0.39166666666666666,-1
5608,39676,16.27088888888846,0.39166666666666666,-1
5609,39677,16.27466666666624,0.39166666666666666,-1
5610,39678,16.278444444444016,0.39166666666666666,-1
5611,39679,16.282222222221794,0.39166666666666666,-1
5612,39680,16.28599999999957,0.39166666666666666,-1
5613,39681,16.28977777777735,0.39166666666666666,-1
5614,39682,16.293555555555127,0.39166666666666666,-1
5615,39683,16.297333333332904,0.39166666666666666,-1
5616,39684,16.297333333332904,0.35833333333333334,76129
5617,39685,16.297333333332904,0.35833333333333334,76129
5618,39686,16.297333333332904,0.35833333333333334,76129
5619,39687,16.297333333332904,0.35833333333333334,76129
5620,39688,16.297333333332904,0.35833333333333334,76129
5621,39689,16.297333333332904,0.35833333333333334,76129
5622,39690,16.297333333332904,0.35833333333333334,76129
5623,39691,16.297333333332904,0.35833333333333334,76129
5624,39692,16.297333333332904,0.35833333333333334,76129
5625,39693,16.297333333332904,0.35833333333333334,76129
5626,39694,16.297333333332904,0.35833333333333334,76129
5627,39695,16.297333333332904,0.35833333333333334,76129
5628,39696,16.297333333332904,0.35833333333333334,76129
5629,39697,16.297333333332904,0.35833333333333334,76129
5630,39698,16.297333333332904,0.35833333333333334,76129
5631,39699,16.297333333332904,0.35833333333333334,76129
5632,39700,16.301111111110682,0.35833333333333334,-1
5633,39701,16.30488888888846,0.35833333333333334,-1
5634,39702,16.308666666666237,0.35833333333333334,-1
5635,39703,16.312444444444015,0.35833333333333334,-1
5636,39704,16.316222222221793,0.35833333333333334,-1
5637,39705,16.31999999999957,0.35833333333333334,-1
5638,39706,16.323777777777348,0.35833333333333334,-1
5639,39707,16.327555555555126,0.35833333333333334,-1
5640,39708,16.331333333332903,0.35833333333333334,-1
5641,39709,16.33511111111068,0.35833333333333334,-1
5642,39710,16.33888888888846,0.35833333333333334,-1
5643,39711,16.342666666666236,0.35833333333333334,-1
5644,39712,16.346444444444014,0.35833333333333334,-1
5645,39713,16.35022222222179,0.35833333333333334,-1
5646,39714,16.35399999999957,0.35833333333333334,-1
5647,39715,16.357777777777347,0.35833333333333334,-1
5648,39716,16.361555555555125,0.35833333333333334,-1
5649,39717,16.365333333332902,0.35833333333333334,-1
5650,39718,16.36911111111068,0.35833333333333334,-1
5651,39719,16.372888888888458,0.35833333333333334,-1
5652,39720,16.376666666666235,0.35833333333333334,-1
5653,39721,16.380444444444013,0.35833333333333334,-1
5654,39722,16.38422222222179,0.35833333333333334,-1
5655,39723,16.38799999999957,0.35833333333333334,-1
5656,39724,16.391777777777346,0.35833333333333334,-1
5657,39725,16.395555555555124,0.35833333333333334,-1
5658,39726,16.3993333333329,0.35833333333333334,-1
5659,39727,16.40311111111068,0.35833333333333334,-1
5660,39728,16.406888888888457,0.35833333333333334,-1
5661,39729,16.410666666666234,0.35833333333333334,-1
5662,39730,16.414444444444012,0.35833333333333334,-1
5663,39731,16.41822222222179,0.35833333333333334,-1
5664,39732,16.421999999999567,0.35833333333333334,-1
5665,39733,16.425777777777345,0.35833333333333334,-1
5666,39734,16.429555555555122,0.35833333333333334,-1
5667,39735,16.4333333333329,0.35833333333333334,-1
5668,39736,16.437111111110678,0.35833333333333334,-1
5669,39737,16.440888888888455,0.35833333333333334,-1
5670,39738,16.444666666666233,0.35833333333333334,-1
5671,39739,16.44844444444401,0.35833333333333334,-1
5672,39740,16.45222222222179,0.35833333333333334,-1
5673,39741,16.455999999999566,0.35833333333333334,-1
5674,39742,16.459777777777344,0.35833333333333334,-1
5675,39743,16.46355555555512,0.35833333333333334,-1
5676,39744,16.4673333333329,0.35833333333333334,-1
5677,39745,16.471111111110677,0.35833333333333334,-1
5678,39746,16.474888888888454,0.35833333333333334,-1
5679,39747,16.478666666666232,0.35833333333333334,-1
5680,39748,16.48244444444401,0.35833333333333334,-1
5681,39749,16.486222222221787,0.35833333333333334,-1
5682,39750,16.489999999999565,0.35833333333333334,-1
5683,39751,16.493777777777343,0.35833333333333334,-1
5684,39752,16.49755555555512,0.35833333333333334,-1
5685,39753,16.501333333332898,0.35833333333333334,-1
5686,39754,16.505111111110676,0.35833333333333334,-1
5687,39755,16.508888888888453,0.35833333333333334,-1
5688,39756,16.51266666666623,0.35833333333333334,-1
5689,39757,16.51644444444401,0.35833333333333334,-1
5690,39758,16.520222222221786,0.35833333333333334,-1
5691,39759,16.523999999999564,0.35833333333333334,-1
5692,39760,16.52777777777734,0.35833333333333334,-1
5693,39761,16.53155555555512,0.35833333333333334,-1
5694,39762,16.535333333332897,0.35833333333333334,-1
5695,39763,16.539111111110675,0.35833333333333334,-1
5696,39764,16.542888888888452,0.35833333333333334,-1
5697,39765,16.54666666666623,0.35833333333333334,-1
5698,39766,16.550444444444008,0.35833333333333334,-1
5699,39767,16.554222222221785,0.35833333333333334,-1
5700,39768,16.557999999999563,0.35833333333333334,-1
5701,39769,16.56177777777734,0.35833333333333334,-1
5702,39770,16.565555555555118,0.35833333333333334,-1
5703,39771,16.569333333332896,0.35833333333333334,-1
5704,39772,16.573111111110673,0.35833333333333334,-1
5705,39773,16.57688888888845,0.35833333333333334,-1
5706,39774,16.58066666666623,0.35833333333333334,-1
5707,39775,16.584444444444006,0.35833333333333334,-1
5708,39776,16.588222222221784,0.35833333333333334,-1
5709,39777,16.59199999999956,0.35833333333333334,-1
5710,39778,16.59577777777734,0.35833333333333334,-1
5711,39779,16.59577777777734,0.2833333333333333,76119
5712,39780,16.59577777777734,0.2833333333333333,76119
5713,39781,16.59577777777734,0.2833333333333333,76119
5714,39782,16.59577777777734,0.2833333333333333,76119
5715,39783,16.59577777777734,0.2833333333333333,76119
5716,39784,16.59577777777734,0.2833333333333333,76119
5717,39785,16.59577777777734,0.2833333333333333,76119
5718,39786,16.59577777777734,0.2833333333333333,76119
5719,39787,16.59577777777734,0.2833333333333333,76119
5720,39788,16.59577777777734,0.2833333333333333,76119
5721,39789,16.59577777777734,0.2833333333333333,76119
5722,39790,16.59577777777734,0.2833333333333333,76119
5723,39791,16.59577777777734,0.2833333333333333,76119
5724,39792,16.59577777777734,0.2833333333333333,76119
5725,39793,16.59577777777734,0.2833333333333333,76119
5726,39794,16.59577777777734,0.2833333333333333,76119
5727,39795,16.59577777777734,0.2833333333333333,76119
5728,39796,16.59577777777734,0.2833333333333333,76119
5729,39797,16.59577777777734,0.2833333333333333,76119
5730,39798,16.599555555555117,0.2833333333333333,-1
5731,39799,16.603333333332895,0.2833333333333333,-1
5732,39800,16.607111111110672,0.2833333333333333,-1
5733,39801,16.61088888888845,0.2833333333333333,-1
5734,39802,16.614666666666228,0.2833333333333333,-1
5735,39803,16.618444444444005,0.2833333333333333,-1
5736,39804,16.622222222221783,0.2833333333333333,-1
5737,39805,16.62599999999956,0.2833333333333333,-1
5738,39806,16.62977777777734,0.2833333333333333,-1
5739,39807,16.633555555555116,0.2833333333333333,-1
5740,39808,16.637333333332894,0.2833333333333333,-1
5741,39809,16.64111111111067,0.2833333333333333,-1
5742,39810,16.64488888888845,0.2833333333333333,-1
5743,39811,16.648666666666227,0.2833333333333333,-1
5744,39812,16.652444444444004,0.2833333333333333,-1
5745,39813,16.656222222221782,0.2833333333333333,-1
5746,39814,16.65999999999956,0.2833333333333333,-1
5747,39815,16.663777777777337,0.2833333333333333,-1
5748,39816,16.667555555555115,0.2833333333333333,-1
5749,39817,16.671333333332893,0.2833333333333333,-1
5750,39818,16.67511111111067,0.2833333333333333,-1
5751,39819,16.678888888888448,0.2833333333333333,-1
5752,39820,16.682666666666226,0.2833333333333333,-1
5753,39821,16.686444444444003,0.2833333333333333,-1
5754,39822,16.69022222222178,0.2833333333333333,-1
5755,39823,16.69399999999956,0.2833333333333333,-1
5756,39824,16.697777777777336,0.2833333333333333,-1
5757,39825,16.701555555555114,0.2833333333333333,-1
5758,39826,16.70533333333289,0.2833333333333333,-1
5759,39827,16.70911111111067,0.2833333333333333,-1
5760,39828,16.712888888888447,0.2833333333333333,-1
5761,39829,16.716666666666224,0.2833333333333333,-1
5762,39830,16.720444444444002,0.2833333333333333,-1
5763,39831,16.72422222222178,0.2833333333333333,-1
5764,39832,16.727999999999557,0.2833333333333333,-1
5765,39833,16.731777777777335,0.2833333333333333,-1
5766,39834,16.735555555555113,0.2833333333333333,-1
5767,39835,16.73933333333289,0.2833333333333333,-1
5768,39836,16.743111111110668,0.2833333333333333,-1
5769,39837,16.746888888888446,0.2833333333333333,-1
5770,39838,16.750666666666223,0.2833333333333333,-1
5771,39839,16.754444444444,0.2833333333333333,-1
5772,39840,16.75822222222178,0.2833333333333333,-1
5773,39841,16.761999999999556,0.2833333333333333,-1
5774,39842,16.765777777777334,0.2833333333333333,-1
5775,39843,16.76955555555511,0.2833333333333333,-1
5776,39844,16.77333333333289,0.2833333333333333,-1
5777,39845,16.777111111110667,0.2833333333333333,-1
5778,39846,16.780888888888445,0.2833333333333333,-1
5779,39847,16.784666666666222,0.2833333333333333,-1
5780,39848,16.788444444444,0.2833333333333333,-1
5781,39849,16.792222222221778,0.2833333333333333,-1
5782,39850,16.795999999999555,0.2833333333333333,-1
5783,39851,16.795999999999555,0.2833333333333333,76051
5784,39852,16.799777777777333,0.2833333333333333,-1
5785,39853,16.80355555555511,0.2833333333333333,-1
5786,39854,16.80733333333289,0.2833333333333333,-1
5787,39855,16.811111111110666,0.2833333333333333,-1
5788,39856,16.814888888888444,0.2833333333333333,-1
5789,39857,16.81866666666622,0.2833333333333333,-1
5790,39858,16.822444444444,0.2833333333333333,-1
5791,39859,16.826222222221777,0.2833333333333333,-1
5792,39860,16.829999999999554,0.2833333333333333,-1
5793,39861,16.833777777777332,0.2833333333333333,-1
5794,39862,16.83755555555511,0.2833333333333333,-1
5795,39863,16.841333333332887,0.2833333333333333,-1
5796,39864,16.845111111110665,0.2833333333333333,-1
5797,39865,16.848888888888442,0.2833333333333333,-1
5798,39866,16.85266666666622,0.2833333333333333,-1
5799,39867,16.856444444443998,0.2833333333333333,-1
5800,39868,16.860222222221775,0.2833333333333333,-1
5801,39869,16.863999999999553,0.2833333333333333,-1
5802,39870,16.86777777777733,0.2833333333333333,-1
5803,39871,16.87155555555511,0.2833333333333333,-1
5804,39872,16.875333333332886,0.2833333333333333,-1
5805,39873,16.879111111110664,0.2833333333333333,-1
5806,39874,16.88288888888844,0.2833333333333333,-1
5807,39875,16.88666666666622,0.2833333333333333,-1
5808,39876,16.890444444443997,0.2833333333333333,-1
5809,39877,16.894222222221774,0.2833333333333333,-1
5810,39878,16.897999999999552,0.2833333333333333,-1
5811,39879,16.90177777777733,0.2833333333333333,-1
5812,39880,16.905555555555107,0.2833333333333333,-1
5813,39881,16.909333333332885,0.2833333333333333,-1
5814,39882,16.913111111110663,0.2833333333333333,-1
5815,39883,16.91688888888844,0.2833333333333333,-1
5816,39884,16.920666666666218,0.2833333333333333,-1
5817,39885,16.924444444443996,0.2833333333333333,-1
5818,39886,16.928222222221773,0.2833333333333333,-1
5819,39887,16.93199999999955,0.2833333333333333,-1
5820,39888,16.93577777777733,0.2833333333333333,-1
5821,39889,16.939555555555106,0.2833333333333333,-1
5822,39890,16.943333333332884,0.2833333333333333,-1
5823,39891,16.94711111111066,0.2833333333333333,-1
5824,39892,16.95088888888844,0.2833333333333333,-1
5825,39893,16.954666666666217,0.2833333333333333,-1
5826,39894,16.958444444443995,0.2833333333333333,-1
5827,39895,16.962222222221772,0.2833333333333333,-1
5828,39896,16.96599999999955,0.2833333333333333,-1
5829,39897,16.969777777777328,0.2833333333333333,-1
5830,39898,16.973555555555105,0.2833333333333333,-1
5831,39899,16.977333333332883,0.2833333333333333,-1
5832,39900,16.98111111111066,0.2833333333333333,-1
5833,39901,16.984888888888438,0.2833333333333333,-1
5834,39902,16.988666666666216,0.2833333333333333,-1
5835,39903,16.992444444443993,0.2833333333333333,-1
5836,39904,16.99622222222177,0.2833333333333333,-1
5837,39905,16.99999999999955,0.2833333333333333,-1
5838,39906,17.003777777777326,0.2833333333333333,-1
5839,39907,17.007555555555104,0.2833333333333333,-1
5840,39908,17.011333333332882,0.2833333333333333,-1
5841,39909,17.01511111111066,0.2833333333333333,-1
5842,39910,17.018888888888437,0.2833333333333333,-1
5843,39911,17.022666666666215,0.2833333333333333,-1
5844,39912,17.026444444443992,0.2833333333333333,-1
5845,39913,17.03022222222177,0.2833333333333333,-1
5846,39914,17.033999999999548,0.2833333333333333,-1
5847,39915,17.037777777777325,0.2833333333333333,-1
5848,39916,17.041555555555103,0.2833333333333333,-1
5849,39917,17.04533333333288,0.2833333333333333,-1
5850,39918,17.04911111111066,0.2833333333333333,-1
5851,39919,17.052888888888436,0.2833333333333333,-1
5852,39920,17.056666666666214,0.2833333333333333,-1
5853,39921,17.06044444444399,0.2833333333333333,-1
5854,39922,17.06422222222177,0.2833333333333333,-1
5855,39923,17.067999999999547,0.2833333333333333,-1
5856,39924,17.071777777777324,0.2833333333333333,-1
5857,39925,17.075555555555102,0.2833333333333333,-1
5858,39926,17.07933333333288,0.2833333333333333,-1
5859,39927,17.083111111110657,0.2833333333333333,-1
5860,39928,17.086888888888435,0.2833333333333333,-1
5861,39929,17.090666666666213,0.2833333333333333,-1
5862,39930,17.09444444444399,0.2833333333333333,-1
5863,39931,17.098222222221768,0.2833333333333333,-1
5864,39932,17.101999999999546,0.2833333333333333,-1
5865,39933,17.105777777777323,0.2833333333333333,-1
5866,39934,17.1095555555551,0.2833333333333333,-1
5867,39935,17.11333333333288,0.2833333333333333,-1
5868,39936,17.117111111110656,0.2833333333333333,-1
5869,39937,17.120888888888434,0.2833333333333333,-1
5870,39938,17.12466666666621,0.2833333333333333,-1
5871,39939,17.12844444444399,0.2833333333333333,-1
5872,39940,17.132222222221767,0.2833333333333333,-1
5873,39941,17.135999999999544,0.2833333333333333,-1
5874,39942,17.139777777777322,0.2833333333333333,-1
5875,39943,17.1435555555551,0.2833333333333333,-1
5876,39944,17.147333333332877,0.2833333333333333,-1
5877,39945,17.151111111110655,0.2833333333333333,-1
5878,39946,17.154888888888433,0.2833333333333333,-1
5879,39947,17.15866666666621,0.2833333333333333,-1
5880,39948,17.162444444443988,0.2833333333333333,-1
5881,39949,17.166222222221766,0.2833333333333333,-1
5882,39950,17.169999999999543,0.2833333333333333,-1
5883,39951,17.17377777777732,0.2833333333333333,-1
5884,39952,17.1775555555551,0.2833333333333333,-1
5885,39953,17.181333333332876,0.2833333333333333,-1
5886,39954,17.185111111110654,0.2833333333333333,-1
5887,39955,17.18888888888843,0.2833333333333333,-1
5888,39956,17.19266666666621,0.2833333333333333,-1
5889,39957,17.196444444443987,0.2833333333333333,-1
5890,39958,17.200222222221765,0.2833333333333333,-1
5891,39959,17.203999999999542,0.2833333333333333,-1
5892,39960,17.20777777777732,0.2833333333333333,-1
5893,39961,17.211555555555098,0.2833333333333333,-1
5894,39962,17.215333333332875,0.2833333333333333,-1
5895,39963,17.219111111110653,0.2833333333333333,-1
5896,39964,17.22288888888843,0.2833333333333333,-1
5897,39965,17.22666666666621,0.2833333333333333,-1
5898,39966,17.230444444443986,0.2833333333333333,-1
5899,39967,17.234222222221764,0.2833333333333333,-1
5900,39968,17.23799999999954,0.2833333333333333,-1
5901,39969,17.24177777777732,0.2833333333333333,-1
5902,39970,17.245555555555097,0.2833333333333333,-1
5903,39971,17.249333333332874,0.2833333333333333,-1
5904,39972,17.253111111110652,0.2833333333333333,-1
5905,39973,17.25688888888843,0.2833333333333333,-1
5906,39974,17.260666666666207,0.2833333333333333,-1
5907,39975,17.264444444443985,0.2833333333333333,-1
5908,39976,17.268222222221763,0.2833333333333333,-1
5909,39977,17.27199999999954,0.2833333333333333,-1
5910,39978,17.275777777777318,0.2833333333333333,-1
5911,39979,17.279555555555095,0.2833333333333333,-1
5912,39980,17.283333333332873,0.2833333333333333,-1
5913,39981,17.28711111111065,0.2833333333333333,-1
5914,39982,17.29088888888843,0.2833333333333333,-1
5915,39983,17.294666666666206,0.2833333333333333,-1
5916,39984,17.298444444443984,0.2833333333333333,-1
5917,39985,17.30222222222176,0.2833333333333333,-1
5918,39986,17.30599999999954,0.2833333333333333,-1
5919,39987,17.309777777777317,0.2833333333333333,-1
5920,39988,17.313555555555094,0.2833333333333333,-1
5921,39989,17.317333333332872,0.2833333333333333,-1
5922,39990,17.32111111111065,0.2833333333333333,-1
5923,39991,17.324888888888427,0.2833333333333333,-1
5924,39992,17.328666666666205,0.2833333333333333,-1
5925,39993,17.332444444443983,0.2833333333333333,-1
5926,39994,17.33622222222176,0.2833333333333333,-1
5927,39995,17.339999999999538,0.2833333333333333,-1
5928,39996,17.343777777777316,0.2833333333333333,-1
5929,39997,17.347555555555093,0.2833333333333333,-1
5930,39998,17.35133333333287,0.2833333333333333,-1
5931,39999,17.35511111111065,0.2833333333333333,-1
5932,40000,17.358888888888426,0.2833333333333333,-1
5933,40001,17.362666666666204,0.2833333333333333,-1
5934,40002,17.36644444444398,0.2833333333333333,-1
5935,40003,17.37022222222176,0.2833333333333333,-1
5936,40004,17.373999999999537,0.2833333333333333,-1
5937,40005,17.377777777777315,0.2833333333333333,-1
5938,40006,17.381555555555092,0.2833333333333333,-1
5939,40007,17.38533333333287,0.2833333333333333,-1
5940,40008,17.389111111110648,0.2833333333333333,-1
5941,40009,17.392888888888425,0.2833333333333333,-1
5942,40010,17.396666666666203,0.2833333333333333,-1
5943,40011,17.396666666666203,0.0,75009
